10
189,22,217,239,98,178,68,96,180,232
176,171,79,116,269,146,100,235,234,228,167
7,59,75,244,150,19,182,262,265,54,223,97
156,69,224,233,144,162,252,197,201,193,2,221,149
122,102,250,28,40,199,195,11,105,132,258,90,238,112
133,115,192,140,160,218,130,124,26,267,261,3,110,76,78
208,81,256,241,222,136,260,10,169,74,157,47,203,25,213,118
220,209,121,173,38,185,99,50,266,159,187,73,248,86,14,191,61
196,268,137,210,44,89,56,184,214,242,264,152,240,253,15,51,114,205
106,104,33,39,215,270,32,18,34,0,35,194,37,128,166,219,48,254,64
179,155,168,251,225,42,4,52,67,257,92,170,62,216,134,190,255,16
154,247,161,103,204,65,58,226,95,237,151,82,143,6,70,5,188
175,27,31,91,20,108,123,94,230,207,12,13,229,85,259,111
246,243,126,21,138,88,120,87,49,77,135,263,36,113,198
46,141,177,107,117,30,127,158,148,183,63,17,231,101
206,186,23,41,172,147,80,9,1,125,245,200,83
163,165,139,55,66,131,60,227,72,211,57,212
84,53,119,24,45,202,43,142,164,145,174
109,71,29,93,153,236,129,249,8,181
