11
195,264,274,95,250,118,105,251,210,99,253
11,113,147,171,266,120,90,292,280,235,64,121
229,315,14,46,204,248,190,44,314,200,218,51,40
284,267,276,94,304,181,50,318,136,223,216,311,88,177
227,47,194,132,317,239,312,91,297,12,258,27,307,39,74
302,207,26,211,137,45,183,141,325,254,319,153,158,296,156,184
78,15,133,246,66,188,260,322,152,151,173,139,281,219,178,28,84
114,259,49,199,282,263,81,286,240,52,164,107,196,231,209,329,256,269
54,165,36,62,58,149,150,206,241,138,213,236,238,249,162,191,237,160,320
193,19,293,306,208,287,33,65,22,32,68,233,255,270,168,300,288,124,299,35
225,326,83,252,197,290,172,273,217,212,275,13,192,291,3,180,63,324,117,6,67
17,73,303,89,272,285,323,321,42,111,96,0,86,262,112,23,30,93,148,87
189,201,2,271,159,77,232,245,24,230,244,140,176,310,5,328,234,25,161
109,79,155,265,247,163,295,144,116,175,101,100,110,222,179,75,186,309
167,330,261,115,29,104,214,187,154,37,298,9,34,18,82,122,301
313,7,85,38,72,31,53,134,59,10,130,128,283,215,21,289
146,174,131,61,16,127,106,185,145,102,202,125,228,224,198
316,157,268,308,142,1,243,182,205,41,221,55,135,220
8,279,278,129,242,71,20,226,97,257,294,92,203
76,166,169,327,305,277,103,60,43,170,69,123
70,48,4,80,98,108,119,57,56,126,143
