12
123,66,234,354,89,74,217,165,103,344,370,214
377,225,198,281,365,383,132,259,31,295,130,367,125
362,272,316,337,187,347,375,260,90,292,368,345,219,160
311,51,39,293,136,182,240,314,372,340,353,71,327,134,162
82,177,274,305,209,336,224,232,112,378,97,363,12,145,193,241
393,332,342,204,237,101,366,243,141,233,273,201,373,296,47,194,59
144,231,223,275,325,387,50,244,374,188,312,150,147,339,69,379,334,391
306,186,13,205,168,166,119,388,62,376,27,22,351,343,183,282,146,338,87
261,170,238,174,286,157,122,15,289,369,195,257,8,84,76,77,350,229,358,156
118,266,121,301,43,228,263,106,335,179,0,55,108,356,155,313,2,107,81,258,322
37,269,78,227,25,279,42,44,390,361,7,105,395,245,17,202,116,142,280,154,385,323
218,149,49,341,331,113,102,127,346,320,276,288,328,310,20,109,318,389,203,138,381,178,264
371,267,93,321,67,169,16,357,21,254,128,173,139,309,73,75,265,329,253,148,246,298
164,18,200,135,63,284,104,394,382,100,140,252,207,355,277,210,172,278,29,192,99
333,124,85,326,94,270,304,319,11,159,396,143,120,171,330,191,302,317,212,40
226,126,248,196,54,95,137,64,5,163,300,41,299,206,235,256,65,38,294
291,115,158,221,48,364,285,88,222,9,26,242,58,176,216,262,181,114
91,290,167,110,184,307,6,53,72,1,153,185,3,61,23,239,348
251,46,197,352,360,57,250,236,208,303,287,56,386,255,315,384
4,324,36,175,68,359,30,308,83,189,79,349,117,180,190
10,35,268,32,297,271,19,60,33,392,131,14,86,380
220,133,283,45,199,213,92,249,161,151,215,129,111
211,28,96,24,70,152,34,80,247,98,52,230
