13
245,373,194,437,72,438,302,433,343,137,196,110,351
385,3,97,190,400,237,357,147,419,210,220,425,324,464
359,280,176,458,300,77,442,460,36,134,335,410,226,199,327
43,435,408,239,416,284,337,240,265,205,431,142,308,276,101,249
172,41,148,332,432,18,392,309,427,31,395,405,21,271,318,256,185
253,450,61,381,454,224,250,164,0,422,228,232,303,388,465,260,163,158
193,368,288,242,375,372,266,371,203,316,241,374,339,364,363,273,143,326,447
2,146,466,179,290,313,355,106,418,227,55,235,75,206,456,358,167,78,329,278
398,401,421,297,129,53,238,125,402,294,298,434,181,83,360,17,365,259,362,279,254
175,334,323,451,455,92,135,89,15,82,217,344,51,345,420,128,312,467,397,47,412,353
361,13,462,208,56,81,20,7,230,352,132,255,88,45,178,243,377,257,446,136,95,5,183
236,38,453,80,439,289,322,272,428,429,150,91,160,291,10,64,35,140,325,79,162,85,66,252
409,283,286,390,131,370,187,34,65,212,263,42,119,463,48,209,330,105,444,336,168,311,356,341,215
380,348,139,457,258,320,198,169,123,103,305,28,452,71,445,26,144,180,184,58,376,4,177,159
246,269,369,161,54,443,317,389,27,218,76,118,152,116,214,130,295,386,270,349,261,201,306
46,404,99,24,149,39,394,314,23,112,321,174,423,277,90,69,25,189,247,145,29,156
192,68,213,104,382,22,342,74,40,333,440,229,413,293,366,113,133,221,304,219,346
417,354,63,107,411,448,49,126,424,350,287,171,399,338,234,319,12,96,202,347
197,173,216,231,406,86,285,87,155,248,73,165,157,225,383,251,459,100,70
307,414,30,268,122,407,264,328,120,108,207,50,396,170,461,449,138,102
331,67,296,262,60,222,1,282,426,154,403,9,211,281,430,6,367
182,233,387,191,16,121,166,188,391,415,299,33,62,186,275,200
468,244,44,384,441,127,393,151,436,52,195,117,37,153,310
379,292,84,223,115,111,141,93,19,11,378,267,8,124
57,59,14,340,98,94,114,274,204,315,301,32,109
