14
161,531,109,94,326,196,295,456,473,251,482,315,345,229
469,53,225,202,146,402,400,174,440,137,391,105,287,153,88
207,508,525,507,543,108,352,503,176,483,217,516,243,460,8,278
445,138,62,147,433,490,451,435,533,156,330,419,506,493,276,313,378
158,206,322,187,244,141,526,418,166,128,144,32,458,342,104,517,374,358
241,544,397,502,78,479,12,284,442,140,340,351,399,181,363,291,348,237,150
171,4,461,474,59,449,434,537,107,488,296,216,16,409,261,231,514,212,280,332
519,384,329,311,306,208,373,496,321,530,541,164,523,36,50,518,41,269,283,370,501
356,220,22,522,185,395,228,151,497,10,464,304,423,487,223,484,365,339,448,121,239,189
466,227,465,55,328,197,175,513,443,273,214,125,1,91,450,388,259,3,366,65,34,432,289
510,299,512,297,327,308,426,414,126,169,173,430,193,56,5,215,37,394,19,6,404,379,188,303
472,135,536,338,341,211,347,57,481,380,520,102,274,23,290,224,113,343,159,127,416,320,92,446,468
316,281,260,421,403,471,30,535,200,499,213,360,265,234,431,411,452,39,258,500,167,417,498,163,191,230
95,198,509,35,406,355,350,180,310,51,424,75,336,367,511,429,331,470,248,369,142,267,455,362,73,392,24
485,134,44,184,136,437,410,319,106,294,83,160,425,14,218,495,18,300,453,324,467,546,532,529,186,70
99,154,129,489,43,149,245,256,162,292,438,86,123,199,377,383,90,157,82,335,64,323,264,385,401
118,205,28,232,46,398,255,286,359,71,262,387,60,103,20,69,428,0,63,346,240,58,168,249
382,192,194,288,130,33,79,222,254,420,238,478,542,27,38,133,415,285,45,538,333,68,266
447,201,337,353,277,209,293,439,372,17,183,494,124,521,21,381,459,528,486,298,301,407
7,325,204,349,504,253,242,302,441,454,31,361,250,9,116,40,182,80,357,110,412
114,48,76,54,235,413,2,272,195,354,477,386,66,81,61,270,462,515,179,268
13,444,334,67,491,155,84,233,476,89,85,203,540,11,47,49,93,263,221
524,131,111,279,314,190,100,545,282,98,344,307,375,376,143,172,318,457
119,101,463,112,252,52,312,177,96,132,275,317,236,539,396,422,210
305,170,29,122,26,427,42,25,226,152,390,505,165,492,246,436
527,475,389,371,120,368,480,72,15,219,393,74,87,257,408
117,77,178,364,145,139,534,148,97,309,405,115,247,271
