15
424,419,87,124,357,605,84,356,418,393,614,166,578,589,277
259,311,398,335,473,556,32,488,316,611,279,368,132,553,347,115
161,81,447,47,193,288,613,129,561,563,280,26,299,626,369,508,621
139,75,557,318,517,113,340,112,422,91,427,604,220,584,516,167,608,98
238,378,168,379,371,510,275,246,442,328,568,417,527,336,618,573,515,349,178
474,341,262,266,538,600,76,219,248,334,410,111,492,609,541,196,268,110,462,86
240,511,16,388,162,119,521,241,387,545,580,174,150,434,52,365,450,576,346,470,221
257,548,420,400,574,366,71,361,386,542,142,272,549,537,426,200,526,546,435,198,543,484
460,258,523,199,93,619,364,544,429,403,404,612,51,575,469,439,345,57,358,377,27,629,147
481,601,594,40,461,151,572,135,332,320,242,49,514,564,213,155,116,603,157,254,457,326,535,551
519,625,414,412,449,588,324,165,532,464,12,362,322,89,222,582,121,622,465,391,482,314,555,607,68
187,284,232,353,175,581,504,331,8,3,395,180,6,30,96,0,483,197,43,303,565,373,17,186,402,216
554,480,448,109,558,352,234,235,529,95,88,181,126,189,101,566,598,194,616,382,623,94,294,421,224,534,34
146,29,496,245,577,102,36,177,261,597,310,592,409,560,191,479,569,20,454,355,105,550,152,133,77,493,444,579
298,528,344,50,525,583,471,423,485,376,183,486,23,530,25,10,137,339,203,321,363,45,2,312,389,415,466,617,370
289,522,230,506,276,590,630,620,491,190,226,494,28,144,255,130,173,172,587,509,602,317,243,304,476,499,595,315
214,459,118,60,184,487,260,428,591,440,227,507,432,392,547,455,41,228,22,285,374,290,372,559,477,610,628
206,188,291,11,586,64,83,185,593,35,231,287,69,236,114,253,145,218,463,359,497,437,306,163,343,425
215,458,14,585,265,67,274,599,293,562,269,606,281,489,411,436,229,156,430,467,204,251,416,319,79
233,394,381,570,552,596,443,539,106,153,148,452,169,85,300,327,202,441,451,292,329,627,271,338
53,296,122,123,438,333,308,305,18,223,44,536,531,66,433,192,540,475,134,128,127,350,309
468,244,120,325,406,367,301,143,273,323,375,4,405,46,278,65,407,282,512,263,225,58
286,42,73,80,21,503,108,9,160,13,500,209,1,82,567,247,100,401,207,201,472
445,380,141,7,533,615,103,70,390,164,501,61,302,72,283,351,249,131,56,39
624,498,456,5,15,208,330,513,170,24,179,90,239,396,495,348,360,397,140
354,210,383,502,413,342,384,313,154,571,211,307,104,518,92,136,182,158
149,212,267,159,431,205,107,176,59,55,408,297,38,33,256,48,520
505,252,490,250,217,54,74,264,99,237,385,171,31,399,138,446
63,295,78,97,37,117,524,337,19,453,195,270,62,478,125
