16
438,266,603,614,509,374,285,146,656,676,139,227,573,499,46,579
342,181,375,254,297,416,234,126,231,246,317,468,349,474,543,248,135
657,427,606,201,461,373,451,450,507,716,150,329,267,585,584,640,327,277
567,14,118,440,667,587,705,171,617,620,330,353,184,580,124,8,204,44,548
219,555,519,286,38,619,708,616,665,589,558,709,90,97,522,33,48,595,628,112
645,173,478,714,706,372,504,412,487,225,679,250,477,550,469,621,55,408,88,404,682
697,691,30,376,678,387,626,535,301,639,245,303,454,295,367,659,531,410,144,675,642,191
183,403,385,465,9,252,269,695,241,343,407,358,140,235,355,431,473,216,432,53,176,392,406
547,652,261,482,605,539,72,471,516,259,16,496,188,133,271,272,610,92,544,604,347,339,483,607
698,502,371,370,703,711,279,161,625,177,648,178,422,428,185,354,341,636,386,646,409,75,529,500,1
545,220,594,315,363,538,280,470,681,600,699,111,26,344,593,609,411,702,167,437,61,357,98,262,18,542
653,707,165,221,651,571,207,398,439,206,257,281,187,25,84,69,289,76,64,565,134,413,298,590,719,494,718
152,537,151,244,694,323,658,421,557,331,68,287,321,388,163,517,514,452,460,552,523,455,647,322,50,717,37,490
457,11,486,425,102,369,86,637,6,672,210,383,190,28,155,559,94,316,294,359,79,662,10,264,391,83,274,120,467
360,532,687,417,553,149,320,114,661,222,393,249,713,394,445,147,561,476,351,462,424,121,58,635,663,288,63,677,720,325
472,574,169,13,338,400,527,143,505,489,588,660,423,334,19,196,236,258,599,365,671,397,22,611,89,382,563,328,239,172,263
503,36,65,39,524,458,218,31,87,673,101,348,572,215,481,78,493,197,696,205,444,592,0,362,641,508,666,35,199,615
217,668,597,578,560,81,203,340,255,106,700,224,414,546,613,51,395,60,426,47,71,107,67,268,141,117,530,137,692
243,85,710,336,260,314,242,202,276,650,142,670,591,34,312,333,521,446,528,108,195,712,380,237,479,296,113,238
701,99,693,629,664,512,586,56,463,596,130,488,158,310,631,541,127,247,159,456,40,299,434,49,160,534,93
335,129,415,182,688,449,332,575,41,105,448,510,319,429,43,356,324,685,556,436,562,420,526,492,378,208
311,123,346,304,618,377,442,364,278,368,715,396,352,230,577,602,223,80,318,23,122,213,270,654,350
533,495,326,275,21,265,214,623,66,384,251,3,229,680,300,518,42,598,433,180,655,29,381,20
307,154,291,100,4,513,379,136,389,309,209,148,630,418,198,131,435,361,174,194,419,638,684
32,59,115,497,228,485,232,200,132,110,549,475,459,576,138,12,583,153,162,689,633,551
624,17,430,62,226,570,166,193,632,73,7,345,211,634,179,292,45,302,282,77,491
608,186,175,308,441,103,109,116,704,164,405,390,690,601,501,669,453,125,464,306
128,569,581,313,536,5,540,683,189,401,506,27,104,212,24,686,466,253,15
52,443,283,305,612,337,96,157,447,233,54,82,627,168,564,170,293,520
484,554,240,643,95,284,57,674,256,74,70,366,566,145,511,498,480
525,273,515,156,582,649,399,2,91,644,622,290,119,402,568,192
