17
405,142,513,398,473,519,120,577,786,804,592,233,289,680,632,238,499
512,298,518,195,164,709,482,816,114,196,483,521,527,148,223,597,531,156
609,639,186,362,486,380,708,604,806,397,731,99,18,671,374,774,670,225,464
416,675,733,414,506,212,254,791,754,759,433,765,250,646,530,624,63,350,45,488
659,514,389,807,660,588,523,664,625,748,341,692,135,662,128,91,136,475,346,585,337
757,755,79,694,606,308,477,219,697,292,53,452,115,658,140,372,390,743,20,235,429,711
526,71,319,784,296,242,203,240,6,728,127,149,587,369,501,80,511,566,668,729,168,761,533
224,137,370,595,454,612,247,123,665,770,570,157,495,239,450,596,72,330,802,509,690,599,273,701
384,275,15,85,703,762,812,208,730,151,272,706,540,117,710,222,373,522,82,598,209,753,200,627,772
407,139,255,133,628,622,259,803,188,725,586,713,613,563,4,442,491,52,342,809,813,386,280,547,62,557
89,621,192,489,723,735,603,656,569,520,26,638,16,121,98,683,466,811,345,264,721,635,750,351,328,780,583
333,696,320,408,584,528,343,714,67,736,160,790,134,764,24,190,230,645,794,50,796,229,480,33,636,724,657,56
409,418,559,269,666,392,410,283,676,1,113,800,73,699,138,459,778,325,371,430,630,421,781,124,524,444,536,631,214
183,580,10,282,463,572,55,145,782,779,661,0,667,152,438,543,32,43,153,251,178,122,38,376,763,165,261,766,61,48
541,814,617,783,700,461,175,678,265,548,36,686,498,285,393,111,732,395,256,428,387,58,787,727,172,535,474,86,705,108,593
335,174,150,12,684,326,568,126,306,579,155,564,718,674,744,455,332,453,716,40,129,620,505,581,118,574,798,693,737,234,717,458
578,516,573,440,707,316,205,626,653,17,187,313,116,562,281,607,104,14,682,553,276,125,241,179,30,616,288,131,300,777,169,173,201
404,92,479,648,65,445,720,546,274,443,378,60,695,299,629,228,182,102,106,726,484,96,231,602,406,704,496,745,689,614,51,426
266,322,202,213,232,641,767,623,565,771,538,226,348,68,355,159,42,327,447,170,218,719,502,331,801,141,615,244,554,270,2
7,792,539,651,698,293,161,752,158,751,74,669,59,339,199,207,485,746,284,434,425,793,101,758,305,103,311,815,788,702
472,756,399,83,618,253,391,310,712,471,605,776,799,9,246,456,715,681,503,278,515,437,652,69,64,307,739,508,742
184,637,775,324,810,13,93,722,493,571,517,542,279,679,8,431,94,504,529,243,248,691,448,97,154,147,654,227
236,258,467,304,105,189,25,575,28,220,591,291,773,388,417,601,469,589,132,286,130,349,23,317,551,549,785
177,590,210,294,687,545,525,314,364,558,379,11,54,619,436,181,457,494,673,344,176,144,747,301,198,318
263,449,37,262,789,315,582,381,287,321,245,385,420,5,19,354,221,34,46,663,271,216,500,377,556
77,49,162,249,252,27,163,191,84,303,441,76,423,44,435,31,39,167,738,81,468,365,400,610
109,560,204,805,394,647,171,41,734,323,677,427,532,760,383,797,180,29,21,808,655,643,507
490,75,78,633,257,451,649,353,185,600,295,368,302,119,749,309,70,576,352,358,267,462
396,237,382,402,107,768,312,492,366,166,193,740,672,567,100,361,634,217,555,642,422
297,795,347,534,611,401,544,87,403,478,329,143,206,550,211,338,375,110,424,66
290,356,497,415,215,95,769,644,112,419,432,277,88,481,359,608,334,22,336
594,510,650,439,685,90,340,3,412,476,640,552,47,194,561,470,197,460
411,688,367,487,465,413,268,357,260,146,57,35,363,537,360,741,446
