18
913,588,916,147,420,807,675,895,666,880,911,556,4,85,746,580,671,773
550,250,449,818,638,893,398,823,269,513,124,324,429,408,218,873,609,259,828
619,532,84,514,394,869,34,75,687,176,545,686,178,876,331,113,144,450,481,697
272,696,264,36,22,648,776,492,730,518,601,805,193,799,111,228,155,348,898,813,701
561,20,669,329,243,849,690,299,221,882,387,846,582,151,723,639,158,109,434,258,517,308
748,344,57,739,357,392,233,918,721,494,68,710,95,166,885,591,576,783,713,227,907,254,423
321,338,651,388,912,159,579,498,649,541,608,564,768,427,755,910,689,171,762,112,476,862,499,760
764,500,889,917,719,289,385,801,353,296,174,700,397,738,44,887,309,168,103,815,547,540,908,98,346
530,878,239,794,743,157,712,663,223,217,493,711,653,273,313,881,727,771,23,858,597,93,661,229,866,637
839,59,123,559,207,585,810,835,691,820,740,122,512,276,774,604,262,433,549,834,495,798,804,413,724,187,488
629,894,200,236,832,153,307,571,45,779,487,503,749,303,688,654,473,732,367,767,389,132,516,485,781,628,156,534
447,274,569,145,819,94,475,130,424,141,856,641,577,53,812,875,826,837,414,425,212,310,363,295,744,180,902,214,182
305,441,72,816,864,578,717,277,507,796,244,665,857,87,673,129,163,652,761,825,584,752,896,110,97,872,73,790,505,683
784,104,209,453,698,190,811,278,210,280,349,192,401,635,594,891,56,539,446,161,662,509,342,754,757,356,431,184,222,626,443
391,336,265,32,479,89,206,527,772,279,791,404,620,845,535,339,572,867,3,96,293,457,325,455,418,676,81,632,189,231,693,312
644,362,21,782,575,679,472,465,396,751,642,452,311,355,726,358,100,506,621,519,763,63,78,477,204,843,377,725,143,242,553,615,706
366,24,729,897,474,647,821,841,660,9,538,568,886,417,69,459,170,634,440,674,627,909,562,226,52,71,267,915,731,497,668,146,238,456
618,574,330,736,379,320,570,633,824,369,602,536,426,323,432,46,900,789,670,340,77,54,0,522,560,636,623,501,684,235,715,758,211,750,290
328,555,836,664,51,511,742,840,860,240,471,546,833,650,445,58,707,224,462,787,137,282,607,874,8,119,655,421,260,409,234,537,611,678
351,879,531,735,10,70,667,121,454,253,133,332,43,847,74,800,483,314,780,140,544,298,603,39,435,345,630,172,350,60,230,868,645
842,114,213,786,529,194,41,622,315,785,469,116,467,766,405,439,903,372,437,381,191,870,468,490,486,248,416,352,232,120,617,705
371,854,373,131,215,704,374,188,484,208,770,422,552,593,380,399,411,890,354,384,625,734,160,865,859,756,407,400,88,703,64
718,241,185,154,504,14,247,831,284,567,583,888,393,765,287,300,542,107,322,216,681,125,491,851,714,592,285,883,631,892
186,695,614,463,482,364,587,67,643,370,245,38,769,383,795,733,694,906,205,263,461,778,554,65,442,528,489,257,261
37,817,589,101,548,403,30,395,360,901,5,335,464,838,827,252,175,333,201,728,11,814,524,86,150,92,606,775
595,275,590,50,33,341,745,605,844,656,737,448,237,162,115,510,480,616,682,458,327,12,343,466,708,199,863
657,80,108,438,302,852,31,470,91,90,306,565,102,685,877,128,62,40,181,586,202,797,871,716,382,402
830,16,613,861,18,543,672,270,808,47,905,197,126,164,292,136,451,658,281,659,318,17,640,169,283
809,788,759,802,304,612,692,225,61,415,1,406,316,76,359,803,83,376,792,117,525,566,598,173
7,255,118,741,135,848,806,496,822,268,624,319,573,19,13,26,29,203,680,286,149,49,167
219,246,596,829,753,410,99,526,478,2,42,520,142,25,55,179,646,904,220,266,523,66
35,709,747,148,15,106,297,502,28,436,251,702,105,444,82,884,850,375,368,563,6
48,677,855,317,139,720,301,515,198,361,853,386,337,419,177,508,558,79,390,27
134,291,551,899,196,165,533,428,610,294,288,334,460,521,600,430,271,138,412
777,195,365,378,256,599,183,326,581,914,793,557,249,347,699,127,722,152
