20
606,596,377,270,729,687,536,813,1065,914,116,374,996,731,137,213,676,318,1011,231
799,603,833,973,466,560,794,1138,712,434,498,733,529,47,1106,242,879,568,745,912,946
1100,1135,391,516,691,486,437,853,1140,783,322,565,761,806,774,902,470,663,684,307,917,770
908,1112,457,500,898,1022,768,740,96,349,314,43,289,945,121,1056,751,353,639,553,1,365,189
148,212,49,1041,840,697,155,19,716,1006,1110,1114,424,548,518,903,1137,797,756,635,841,827,1075,526
791,418,306,504,597,355,357,346,320,822,67,319,1057,1058,275,754,923,335,1042,386,746,545,264,1037,554
767,659,894,225,290,859,897,1033,579,150,650,1085,588,669,93,451,439,164,830,158,532,103,843,123,534,544
315,763,550,916,715,551,947,184,653,784,1139,866,906,820,436,875,798,237,931,20,1082,959,851,872,828,64,247
508,201,2,313,26,598,723,528,464,207,1055,1119,829,997,699,366,514,179,180,59,543,823,1111,986,862,1008,182,521
648,839,601,711,370,1002,874,522,962,1091,446,1127,572,1088,185,1081,243,936,350,241,119,1062,8,631,523,50,30,279,561
478,735,988,263,1004,807,814,815,858,442,657,195,352,220,517,964,948,146,623,679,426,299,423,367,666,416,835,463,186,681
127,793,1113,1070,570,27,581,593,577,1030,433,625,950,341,571,732,884,294,165,1023,918,428,800,90,717,769,245,760,977,709,1010
646,939,57,505,326,790,340,253,1001,578,686,345,888,968,467,849,963,190,656,563,893,271,477,942,1109,802,512,852,956,24,673,905
821,62,169,419,741,1122,750,937,991,837,394,785,465,883,701,1036,145,6,249,395,362,652,215,1090,92,54,382,485,533,940,870,795,546
471,344,86,75,228,664,672,720,993,348,334,303,1039,637,705,757,497,925,375,312,11,693,285,1084,713,91,816,747,448,257,196,224,848,360
975,719,1094,609,527,211,1117,1045,152,1034,671,219,292,638,407,633,1078,771,1121,330,655,168,506,958,782,591,358,347,1104,286,297,1079,765,864,805
612,115,595,490,602,218,338,617,929,1046,803,952,1040,410,825,1066,1013,734,995,9,640,976,495,873,106,111,1009,39,431,724,1015,513,136,113,176,575
714,658,1061,651,1096,878,703,1012,891,630,1049,773,117,718,812,251,1124,721,725,922,704,818,926,645,83,100,1087,930,967,281,296,204,124,860,230,762,32
388,484,935,255,928,781,844,1093,368,149,966,1003,1053,141,1129,624,1021,217,483,1048,552,181,748,605,895,531,792,599,562,95,202,1059,1103,445,566,540,984,429
69,1073,63,256,1130,438,422,0,174,1095,1026,331,461,31,425,172,567,564,700,200,376,356,677,943,301,1083,520,569,383,412,291,538,488,479,81,246,668,261,420
1017,206,188,972,759,329,402,337,163,25,363,537,616,728,776,1025,104,167,957,558,880,556,482,641,129,452,128,267,1031,12,94,1018,985,854,1067,907,351,3
401,1077,1047,183,698,399,780,838,541,343,324,667,427,730,998,61,892,1028,921,1076,850,1099,276,199,268,379,1123,321,524,737,298,980,1060,755,70,178,134
834,1052,398,685,342,435,722,99,130,305,456,877,440,690,777,811,981,982,65,1107,87,159,620,458,85,476,175,1086,354,403,934,682,460,282,1063,222
274,688,135,226,53,511,221,4,726,674,983,339,441,132,933,831,974,549,449,876,1097,235,262,573,34,1131,496,107,678,707,73,147,632,153,58
1020,288,796,955,587,772,161,336,629,110,194,468,585,372,889,634,51,696,619,990,162,869,142,867,396,481,323,836,300,610,1089,450,244,373
510,778,924,238,885,417,969,1118,489,266,21,832,809,604,1115,254,140,752,788,7,890,535,865,787,22,1068,413,542,5,607,139,927,68
122,824,309,227,503,409,1014,961,507,494,114,1064,154,702,197,881,695,842,384,317,177,626,1007,1105,613,1125,882,1120,223,316,706,311
359,519,109,280,491,287,1016,88,447,592,1000,1092,209,786,41,455,332,1051,89,627,665,999,1024,126,819,501,539,44,210,919,45
615,33,1133,472,938,459,826,131,582,15,400,236,547,475,1074,272,574,753,954,77,932,28,82,1126,727,845,71,744,406,191
611,801,899,559,683,614,23,35,173,857,739,949,80,1029,469,960,978,56,408,987,847,515,555,621,1132,1050,502,444,278
1035,590,661,886,951,941,989,171,1054,911,710,60,198,1072,97,971,380,694,37,1043,260,742,904,284,557,1134,250,493
1098,397,327,240,101,817,187,856,861,900,40,29,749,269,13,389,473,525,689,1027,643,310,392,1080,1019,1069,944
79,42,17,979,52,789,390,404,277,647,636,1136,692,810,138,108,415,994,970,160,381,293,649,405,361,453
1005,84,474,72,913,1101,102,385,421,74,1038,208,112,265,654,915,157,530,170,499,775,992,38,214,443
229,642,901,920,804,259,628,308,675,414,618,662,14,846,203,273,1044,644,580,16,454,608,589,766
325,600,660,125,808,248,855,46,166,304,66,233,492,736,144,98,371,295,743,387,143,1102,670
55,586,252,1071,283,258,871,232,583,708,76,18,10,480,779,378,965,680,216,193,118,430
487,48,764,234,369,393,411,151,584,594,953,239,758,120,1108,910,887,133,509,328,333
78,432,156,105,205,192,909,302,622,462,1032,1128,36,364,868,1116,896,738,863,576
