21
642,855,582,629,1206,1067,704,1226,725,993,148,1053,719,140,828,810,1180,1005,346,563,1113
1125,686,177,132,164,593,96,282,1017,614,1006,998,1002,868,536,482,608,423,550,560,928,603
247,269,899,774,751,862,176,110,1063,640,390,1105,832,1122,1096,688,595,124,399,26,393,513,515
616,193,878,194,46,726,1059,455,9,644,130,222,290,42,16,613,231,1203,480,433,610,936,447,1249
1187,957,1072,187,667,674,226,420,526,503,52,1093,627,952,1250,517,166,530,1166,1000,555,252,357,416,123
347,28,824,225,195,947,1092,354,224,378,257,858,960,754,47,615,1079,745,458,243,150,1220,1007,1214,1213,1188
588,1089,739,1243,794,280,139,412,188,831,1255,341,409,1169,795,901,1116,351,516,10,668,1019,1044,669,502,912,765
1095,1132,785,83,528,678,684,276,121,973,1075,702,1142,741,1134,501,953,696,742,1194,111,381,294,1094,1052,402,178,734
35,1001,350,966,780,1119,1050,1136,982,66,600,1018,1131,816,994,1071,939,923,1046,472,1202,827,956,1120,141,1198,1133,1104,874
359,1181,689,597,1041,20,826,1084,324,698,834,234,271,368,1049,38,733,1234,871,941,729,5,969,929,371,183,1074,389,847,544
535,1225,740,1040,894,558,1068,1022,63,483,98,1150,620,1062,1025,1252,646,108,1217,233,1117,799,879,316,1014,1029,1124,1152,730,254,465
82,846,690,450,414,101,1009,510,1085,267,1176,714,801,307,1174,970,448,935,779,609,930,1090,51,86,309,712,457,637,639,208,230,114
155,984,463,61,380,460,586,938,1256,798,223,56,519,521,1081,4,561,1091,370,1073,1242,559,6,658,1251,1193,17,179,484,845,138,505,1215
1224,145,161,967,1192,1157,1183,978,1111,958,13,172,1210,1254,995,706,790,626,65,285,750,1010,1229,1051,691,800,204,1240,430,69,782,786,577,583
398,971,77,449,896,904,1164,1167,1056,191,106,435,670,529,959,565,1207,1227,19,1223,446,131,212,880,1065,1115,1031,540,697,189,671,1045,363,1110,424
788,284,443,329,281,196,575,1189,1076,624,566,556,511,405,571,88,882,1172,937,1060,835,456,715,1186,913,809,820,977,1182,260,573,768,756,776,814,974
803,500,666,1083,905,865,761,79,1032,979,853,415,585,442,1177,652,1057,1101,1108,1098,1069,1232,355,919,486,1233,681,241,429,812,22,851,514,1231,1012,78,1237
238,1070,1199,721,1230,836,551,533,311,427,325,1228,1175,933,1160,1218,621,118,557,159,349,870,1258,1153,914,1097,1241,1219,235,1209,337,387,641,1140,841,263,496,438
338,705,95,860,900,772,693,1191,612,1078,1238,49,747,199,1201,478,218,340,817,360,262,581,1171,867,60,1003,33,815,1179,142,216,146,898,710,889,1135,119,43,1037
488,524,945,590,1216,895,206,553,1036,304,1023,384,758,242,310,34,335,392,787,1013,876,162,198,903,1190,185,863,372,479,552,676,373,27,395,1204,607,419,1103,887,197
374,352,232,135,466,1107,988,628,275,12,849,989,934,527,804,211,964,983,299,594,0,1008,87,153,1026,492,902,1159,353,735,273,1168,701,474,755,103,328,962,477,375,738
643,1082,542,481,926,598,461,489,950,875,569,884,306,531,972,943,1184,886,376,48,296,802,126,163,453,931,662,647,538,932,36,287,918,439,731,379,523,657,584,850
587,1114,570,485,992,81,1195,2,1200,21,946,653,431,1128,1123,883,748,300,493,685,313,692,767,518,922,1139,68,143,59,1235,1259,1055,117,31,473,857,1021,274,312
1221,291,441,157,1,881,807,407,665,708,73,1155,1100,605,1043,601,30,996,728,1246,687,917,1112,753,288,327,822,1039,545,1146,660,508,744,599,1109,737,258,385
205,999,464,217,490,1033,15,1024,622,537,1205,736,784,200,781,116,789,115,732,348,927,944,320,256,1130,743,506,272,1077,391,377,292,1102,345,1016,129,219
1015,769,134,408,504,154,1004,1185,630,237,105,54,326,921,64,673,940,848,592,388,578,434,617,158,808,29,568,968,356,1239,174,1106,24,167,452,866
253,843,301,604,175,683,713,1257,722,432,675,255,94,364,323,165,1099,619,1208,330,1245,1154,92,467,778,623,3,811,469,382,332,825,499,888,268
428,279,1087,58,97,266,856,459,259,383,840,602,149,244,70,367,579,84,997,295,227,207,509,844,757,813,797,792,410,839,404,752,1197,680
638,718,679,168,425,55,190,365,1086,422,821,136,893,45,564,220,1141,397,716,1244,596,724,476,1148,711,942,759,1127,358,209,144,454,67
990,791,39,104,322,591,1145,277,951,366,344,963,507,749,700,842,436,470,1011,775,137,14,661,546,664,763,173,897,955,202,85,991
659,633,949,925,543,892,462,147,417,635,908,40,793,25,1020,916,574,695,182,548,562,1143,547,437,1147,125,746,1129,682,71,1222
201,491,1149,920,156,861,1163,1066,764,1248,112,655,1088,270,494,699,805,426,948,160,91,1047,717,1173,250,133,334,152,1196,694
386,1236,634,1048,445,406,1137,396,650,762,180,1165,278,305,57,240,497,512,549,75,468,520,1158,41,539,184,249,321,336
877,631,924,554,23,401,314,1144,771,859,1151,760,214,318,818,403,981,1138,289,107,1178,1156,471,343,777,1211,987,1121
369,727,331,985,261,248,221,854,907,53,572,333,649,1042,1118,303,576,80,709,532,286,319,394,186,525,317,1064
1054,645,1030,838,648,1212,1061,413,308,362,625,766,672,418,245,203,264,1161,487,181,498,618,1162,127,890,128
8,783,32,169,852,122,873,770,50,192,120,723,541,636,589,495,910,833,400,62,113,885,213,283,229
251,444,829,246,980,651,228,1170,72,440,44,361,567,171,522,170,90,298,906,76,74,1058,18,911
210,1253,315,1027,102,864,1034,421,720,1247,823,606,151,11,654,1035,909,99,819,677,954,580,915
93,986,534,976,703,707,1028,475,302,89,1080,109,611,451,975,297,891,339,632,961,215,965
773,869,239,872,1260,796,236,342,830,293,837,663,411,1038,656,265,37,1126,100,7,806
