22
544,1386,168,875,1110,631,237,800,1351,1089,1206,1100,799,937,1185,1083,60,25,134,679,271,594
741,711,1253,906,884,897,655,1257,1147,848,696,487,1365,564,936,132,838,816,539,59,867,1057,1151
251,462,738,812,1283,1295,30,1164,659,1136,1317,1067,924,632,1043,346,998,885,999,1359,252,1115,122,956
990,1223,823,77,792,1312,409,1202,369,830,1294,323,495,975,1333,682,793,565,972,494,618,1310,249,1162,1329
505,1178,699,5,1048,1044,607,1216,447,926,1040,405,1285,931,628,400,88,1352,1195,28,1305,432,401,1336,1252,302
446,1129,750,196,186,1079,948,1343,175,1334,1105,732,276,719,90,1239,642,482,1354,1197,977,1272,1267,909,1157,954,358
435,457,725,532,500,479,1347,1246,83,788,218,1358,888,1217,1125,623,145,216,569,333,913,501,1349,727,471,877,829,675
772,95,971,1229,199,1184,383,144,580,1269,395,946,1366,766,48,368,933,490,1114,596,1374,1052,903,612,1357,869,1262,1149,581
1049,716,1011,1109,1090,1255,312,222,626,129,449,932,852,63,907,661,42,857,651,919,492,1350,404,614,1007,1375,1265,1086,849,455
1056,718,1203,1344,991,717,206,1055,228,665,265,452,1273,1099,421,1251,367,1047,657,1361,65,780,1005,1325,32,519,468,536,516,1256,814
745,527,362,399,376,1075,778,342,2,1146,318,325,1193,1327,647,451,595,1318,899,194,257,806,1224,191,440,1237,1132,1060,574,927,374,963
617,942,644,945,1288,918,944,1219,912,808,34,92,951,126,112,245,311,1289,485,1150,58,341,117,1173,1241,964,552,592,1380,115,756,354,327
987,1187,256,678,223,993,1130,1183,758,1082,1059,1296,202,690,811,365,84,338,1340,497,1225,1192,566,969,465,1045,597,1131,1020,981,771,54,542,1093
21,658,103,193,57,514,357,694,1320,234,715,161,846,997,1003,601,15,721,1179,578,1367,1137,1244,200,295,131,433,416,4,533,1301,209,499,231,484
839,420,1233,243,1168,1356,526,1263,244,328,417,1098,221,475,1144,1330,379,167,439,1148,504,372,1153,1119,890,96,735,155,1033,1207,340,1133,1316,1270,1027,239
51,958,1373,313,1211,1076,620,203,563,453,567,1174,765,1008,298,1364,555,691,752,521,724,879,1121,1081,393,360,491,407,1259,604,775,671,896,1036,955,1204,895
1268,1371,130,1101,93,1012,1348,622,1276,864,731,548,426,543,557,296,310,925,1209,415,397,201,698,153,1326,1307,464,1338,236,520,1061,708,819,904,996,125,339,636
9,266,299,262,769,629,419,1369,786,1284,625,466,1328,1160,1353,436,1112,624,1074,1212,706,215,967,900,444,1199,712,1062,510,19,52,757,1080,332,349,1258,226,1169,1238
1271,7,1163,211,260,795,124,858,807,1382,45,572,157,1096,69,87,1154,1065,268,151,1077,334,1297,1152,1322,139,1291,85,1091,1381,676,380,743,669,207,1145,1000,269,950,908
863,827,872,136,220,540,1013,282,652,637,703,1029,101,747,600,1221,1378,952,100,1370,205,422,768,247,166,1331,571,1228,1170,267,968,513,366,1128,883,938,1175,336,305,512,550
355,1230,62,1004,1034,120,1337,1066,797,173,616,403,1041,1031,189,473,1385,503,8,1309,197,992,118,98,1290,1176,148,22,1073,458,1242,1266,704,845,949,961,1002,988,554,319,1,277
886,286,79,1293,315,920,986,353,941,697,111,966,273,1181,880,187,326,1264,646,1042,1053,1191,973,478,427,43,456,982,1001,208,599,1123,723,1286,1172,164,994,1117,1107,493,934,347,835
263,1275,1208,280,1006,1303,176,66,1247,611,181,18,585,525,229,78,511,1069,486,729,264,687,441,1308,894,414,1218,887,1198,55,1346,180,195,213,820,1054,74,254,980,589,496,1158
663,575,381,373,359,809,143,102,1009,686,728,796,384,739,746,547,818,943,859,1250,91,1171,16,1323,476,821,681,889,412,398,730,531,108,460,169,1360,1314,767,1116,528,214
577,386,1210,842,648,1180,119,551,370,459,35,385,454,1226,1019,110,736,394,343,1287,1190,1142,856,44,75,760,833,1274,523,481,1021,1300,1339,469,680,1058,740,141,1379,170
610,363,29,1177,953,1016,1315,411,1143,989,278,320,970,901,509,350,377,1292,361,1235,824,321,762,923,1355,751,1161,423,301,472,270,344,627,190,424,1025,959,502,1222
1127,559,188,1384,609,985,546,584,26,467,905,1231,138,1097,348,802,922,633,634,127,847,183,64,537,40,700,160,1249,250,702,995,761,171,733,308,279,80,1261
871,463,146,1032,288,672,1298,1024,387,635,300,979,841,891,1050,1313,1014,33,791,688,593,831,850,410,1155,174,480,825,285,232,474,1106,227,1118,1205,568,1278
576,1108,587,1186,705,1220,534,570,1165,590,781,483,773,1377,1051,331,1311,701,940,192,545,1156,238,281,685,233,1245,782,53,1227,1039,241,965,755,865,17
737,109,89,99,291,674,974,154,817,235,438,316,429,388,1363,210,673,158,1282,649,0,639,1189,1236,47,613,653,428,72,776,1046,402,142,104,230
1341,1279,538,1166,774,787,489,535,837,713,714,382,391,1141,306,1139,962,670,253,56,603,335,641,861,873,304,378,828,11,813,560,182,1280,843
431,763,660,742,866,1324,14,541,645,722,935,149,734,418,801,524,67,12,389,1092,892,960,854,650,1022,1095,272,1213,364,804,128,915,1122
834,656,324,1376,275,1214,1087,1038,518,853,292,529,1068,68,508,76,137,337,794,314,840,874,1030,121,1188,709,882,643,50,217,898,159
488,39,434,667,297,375,608,777,162,49,246,345,591,274,1120,683,749,1017,147,605,881,1299,744,684,939,408,38,1194,826,1234,70
689,1182,1104,748,868,983,150,240,36,1018,870,46,204,914,726,1135,219,805,71,810,779,152,664,1085,638,1015,588,437,621,113
177,668,225,82,976,573,785,893,851,619,1102,753,425,198,662,692,957,184,430,929,133,185,37,303,1372,798,1345,6,242
1232,224,553,73,1063,413,94,1260,461,289,1335,1254,921,284,790,860,1094,862,1321,107,1240,530,317,1071,695,351,1124,759
978,1111,615,1201,549,558,1383,1103,1113,20,1078,396,1319,390,1140,1037,443,259,179,606,916,917,261,930,822,163,86
710,770,165,1215,1277,106,371,178,1332,135,1035,784,947,677,1304,1138,630,911,294,556,322,97,1281,23,855,1072
283,255,1167,654,902,448,309,876,517,156,507,579,1362,754,640,832,666,307,1028,330,1026,287,116,1342,450
815,293,1368,329,720,764,258,1196,1243,1126,522,602,81,803,1023,1248,1010,114,878,290,1159,123,1070,598
1084,1200,212,41,13,498,693,583,984,1306,10,445,172,582,586,707,352,140,928,470,477,844,406
3,392,1064,1302,105,783,61,1088,562,24,356,31,789,442,1134,515,910,506,836,248,561,27
