23
83,1396,1203,968,280,1329,407,946,762,488,1416,38,1089,341,1166,1438,993,1003,1154,1142,368,1388,13
916,1326,590,1398,665,1355,1201,1448,1301,497,1361,765,1223,1474,658,1404,996,768,1254,1363,742,165,285,1205
299,549,1001,1066,1095,329,611,1048,1506,112,1199,442,185,661,774,213,928,1073,1085,34,25,361,331,912,53
471,1408,1498,1123,527,201,426,537,1256,1465,1429,328,1083,358,581,1502,423,1516,179,32,766,1077,596,466,1358,1168
911,118,191,186,390,1170,632,737,1280,1084,978,438,1263,624,606,237,942,1275,355,564,480,1403,985,302,1164,436,885
54,1300,700,1414,1124,153,1325,242,630,178,1392,667,989,159,1028,1476,478,884,1136,1449,68,1437,437,613,1145,235,1000,1432
533,798,1169,1204,1436,1195,262,452,578,1483,1061,1050,598,933,610,706,1461,396,535,1276,1286,1368,81,1063,663,750,1346,805,594
500,367,382,86,1045,1464,1186,1399,620,990,45,1120,1435,92,629,492,1158,635,647,975,1072,1425,395,1460,1149,320,558,1155,212,1374
1222,1306,1103,1163,688,43,422,143,1370,1451,1225,741,404,591,514,0,1221,710,544,792,1342,559,563,1287,1211,1282,1395,769,1157,883,1478
1340,1235,1043,1266,1364,580,612,1279,339,1148,1288,1018,683,1405,1295,167,215,1360,802,902,1277,965,114,1412,1308,1013,1065,1407,1098,1105,676,1418
894,532,333,1518,1366,714,1312,524,1019,726,1337,487,717,127,453,1343,1237,486,1372,1071,238,601,444,1336,660,1309,887,1011,711,1472,474,1016,970
1236,1469,854,931,1496,352,1466,779,1327,592,1101,874,403,1252,903,1161,585,1141,1069,600,1130,934,1264,969,307,449,1153,1247,1173,76,1177,1410,1470,1079
501,79,172,643,1298,1075,752,882,231,823,1067,1383,1175,781,164,247,923,1055,677,567,659,481,1271,622,924,1233,1320,350,410,1207,515,838,417,962,1324
496,937,141,1126,1331,1227,735,1029,406,855,1190,789,2,1373,196,904,672,347,430,48,809,222,289,23,609,1281,1434,518,151,1313,853,1431,66,1382,690,1377
1357,756,1255,508,50,152,70,1500,720,899,265,758,893,1008,1243,1285,451,696,949,87,972,872,1444,1128,124,506,1174,1143,569,1224,1191,502,319,1059,1348,1323,685
1127,15,974,1172,915,257,938,305,49,288,1439,1430,905,873,1162,420,573,1517,1379,849,441,832,718,641,139,414,1197,826,870,283,1184,571,1259,1427,1452,540,3,1106
734,1333,1501,450,767,1007,147,470,597,1371,1484,1049,504,148,200,1417,336,963,715,1206,356,1187,1030,392,708,1490,8,1510,103,1044,1138,1310,539,818,145,1212,174,986,625
964,1297,1386,778,434,1107,55,170,322,258,698,207,1268,804,1229,599,149,216,291,125,1409,1415,499,929,819,1422,520,521,1445,694,1353,644,1475,166,1499,286,770,306,961,428
1160,1503,1446,636,372,1335,519,16,1209,1380,545,777,24,863,1104,1421,1283,531,1027,239,1411,277,375,353,707,1129,1086,1253,550,1193,859,1180,697,62,1109,994,829,204,939,1090,834
851,862,1053,253,948,1397,1322,384,867,279,507,699,308,89,1304,839,1140,634,1025,730,80,284,468,1151,844,327,1504,528,293,1014,427,992,910,988,1487,1058,1260,173,261,967,424,190
484,122,927,1114,954,810,246,1002,547,740,813,651,722,175,801,725,1099,267,381,1339,227,1376,1023,342,135,490,460,1135,783,889,1311,388,431,348,871,1514,1118,296,360,309,1307,405,1185
259,764,321,1480,105,940,846,107,738,1239,784,582,1216,154,1413,489,1026,123,886,617,604,1454,788,211,1319,134,935,509,895,919,36,30,408,1495,618,579,906,775,822,276,1220,743,1453,836
317,109,401,681,1156,890,1362,1367,93,817,1424,772,847,856,1507,553,281,947,1354,415,325,461,1284,973,845,812,861,908,232,400,447,1497,244,126,300,1052,1213,357,552,920,921,226,843,314,10
1035,1042,827,57,233,753,462,1385,318,1005,82,1032,1479,776,363,1078,897,1274,1351,932,1020,96,169,541,337,370,755,682,603,1036,115,628,516,607,47,614,1245,584,1144,881,402,850,206,7
440,199,221,1387,684,1210,983,998,800,1230,271,90,182,366,721,1024,1010,245,177,456,297,102,448,1022,1262,1356,687,208,324,275,1450,790,1456,712,880,1182,371,1091,671,373,925,63,1426
5,1419,137,944,260,464,864,1303,1384,343,264,1485,866,163,980,649,1006,719,1349,419,746,1491,680,287,747,248,987,1463,971,184,1198,1352,180,255,995,930,1167,129,14,1015,749,1100
811,156,814,943,41,1068,110,512,351,732,646,1192,326,1292,162,523,37,1137,1393,121,155,907,835,219,586,387,1125,1110,71,1218,223,1194,146,458,310,1250,825,128,1334,692,188
1473,560,1494,785,273,583,529,1147,1347,58,900,833,546,27,349,91,1244,534,397,657,1462,220,1509,4,131,858,193,1134,1378,1512,1214,311,256,1489,116,791,1056,472,228,1402
530,542,1122,1390,991,633,1273,120,465,1131,1171,821,433,695,837,936,117,217,251,383,411,1467,1040,1200,751,362,1076,19,1074,1511,365,1178,1261,416,1208,860,577,56,917
72,60,354,429,879,1375,295,669,1046,270,1033,1092,1215,12,1080,315,1482,1338,754,1341,650,229,771,1132,857,1447,412,815,799,806,724,1477,493,1231,702,1278,1116,739
1183,525,1133,615,1400,1296,953,304,1291,1270,298,214,323,803,42,554,1381,1317,1468,589,74,587,664,491,716,59,1226,794,922,556,157,95,914,1459,1031,517,748
1328,976,848,566,1365,1486,526,195,20,389,1294,652,1345,379,1455,101,1423,666,662,626,981,210,807,1064,956,202,1257,1242,498,1094,1159,1062,901,65,958,977
11,638,793,952,1037,876,570,713,619,1332,979,274,278,1041,345,543,1428,467,654,385,475,344,100,1471,203,831,513,269,69,1433,108,495,841,1217,9
852,1350,142,816,98,1152,960,704,133,106,1488,432,413,761,705,485,192,73,557,824,621,595,1181,869,332,1150,469,303,797,1093,1443,1139,282,744
865,1249,1097,443,374,505,757,334,94,61,820,828,494,1047,955,878,457,736,898,272,1102,913,476,892,455,340,551,645,46,1492,473,670,75
1108,359,593,40,104,161,1082,1189,941,335,84,1269,984,1176,1302,1440,1202,234,1389,572,28,160,891,656,1004,376,29,627,877,290,1238,6
918,439,562,950,760,575,555,205,639,243,1315,1165,1481,1115,909,240,727,1057,1248,1406,1289,997,693,733,393,808,445,1293,1318,189,386
171,1508,729,394,1234,1515,631,194,263,1369,926,674,113,1021,678,187,140,198,780,209,538,51,1081,731,795,338,888,522,787,842
176,561,1246,640,723,1251,605,945,218,1146,588,728,759,312,840,959,224,252,409,642,377,64,21,421,44,1493,796,709,1087
22,398,868,1009,18,745,1391,482,301,1117,1054,574,52,1119,346,33,88,241,364,132,144,85,316,1111,608,673,150,479
1034,675,435,119,1442,1321,1258,1060,463,249,181,999,1401,1112,782,446,254,1096,459,454,380,568,138,67,39,648,168
655,483,896,763,477,1457,1228,294,130,1113,1121,78,1012,1179,1241,378,576,668,703,701,691,1188,511,773,1038,548
1441,679,1039,966,1219,266,875,1070,391,1505,26,1394,136,1265,1,637,1017,957,686,616,653,1232,1316,1196,35
786,1299,197,418,1290,1305,565,602,982,158,1051,250,1240,623,230,99,830,225,689,1267,236,425,1420,268
1359,951,1088,1513,1344,313,1272,292,77,17,31,1330,503,1458,183,510,536,399,1314,97,369,330,111
