24
1510,1140,1588,270,441,116,267,912,1099,355,228,1389,231,1102,1503,307,1189,1264,433,44,700,109,1087,567
1448,717,1324,1304,306,1472,1222,1424,1286,696,176,642,398,1471,1621,1499,201,756,786,1406,853,1119,424,255,686
1628,1192,1464,416,314,608,1455,1086,1036,473,89,889,1573,561,1128,843,1018,781,1046,197,904,688,1283,1336,1148,569
1127,676,1146,794,1329,1157,1149,1030,467,1266,34,300,1322,183,1462,1361,1205,1344,999,640,1163,836,379,748,846,564,1213
669,1037,814,1312,1643,1002,16,1415,1237,847,1067,1505,1217,659,1356,976,1652,279,837,1295,896,901,1327,573,594,998,1251,1224
1577,1426,1385,1179,1466,1582,459,1139,378,1117,28,1040,928,429,1496,895,1479,943,903,680,318,292,450,453,1017,513,1355,808,1560
1532,1656,849,40,1391,1467,905,102,1371,39,99,1174,1309,1555,1240,1568,443,360,222,1039,531,1653,1289,1208,599,547,1483,425,1370,839
185,825,1269,77,1592,1058,6,349,703,171,218,1206,706,1178,993,793,1574,887,643,155,711,827,965,990,582,1319,1214,243,1634,380,118
23,136,460,736,1230,193,124,461,978,626,1368,964,296,1557,1442,1196,1527,925,1375,1596,512,17,1513,1331,1429,1048,1397,1243,1008,713,1540,607
631,577,110,1377,1544,1597,1565,485,1381,251,1198,1558,690,1387,938,685,1586,1247,1009,1064,957,1427,968,507,522,1291,1031,98,741,184,1143,1033,456
1359,76,195,390,471,1536,277,1584,304,148,256,1437,1477,911,1337,106,828,1602,1021,747,1456,936,112,662,1563,649,80,463,474,554,668,517,630,1434
1606,672,765,1575,1265,1082,530,1257,932,1072,454,198,1274,1137,584,842,1052,117,356,655,466,633,981,1438,83,1221,1601,1435,1486,1155,1177,7,488,402,396
1218,1081,1216,1215,186,327,1402,970,897,1332,275,963,557,1156,290,1249,1053,1335,784,1599,1407,797,151,764,45,636,1446,435,1280,532,1298,1516,1302,1097,722,234
1604,1258,503,1239,1394,665,111,658,227,496,1090,394,1006,1378,600,1245,137,1049,64,204,1267,288,1651,1537,1035,1412,779,1252,1165,486,682,1362,738,873,1649,169,92
1069,1366,1321,1318,361,1263,563,458,1255,1256,865,264,422,539,1498,627,368,536,818,323,824,1522,70,1004,1126,258,704,1063,483,1529,482,138,1173,1545,789,262,457,1354
1461,1111,225,312,920,1475,1136,1384,445,1242,571,1,504,328,1170,1383,1118,1622,1050,872,2,852,1403,1026,1234,875,321,1398,951,1647,730,578,1284,1277,1047,133,1357,1073,593
544,242,848,1229,644,1190,834,1250,1339,158,1158,1549,755,744,807,1492,1372,1317,891,84,1268,667,172,470,192,1508,363,377,1144,310,635,966,1294,1311,487,1154,203,541,1345,1618
1326,58,974,365,1474,670,1169,1530,476,90,120,1164,878,1422,0,514,942,579,1632,33,1107,826,1094,1254,162,446,1452,792,47,568,605,1085,164,1564,49,490,933,351,67,1088,358
75,893,287,879,1610,1034,1554,967,66,742,8,1388,182,576,645,285,160,336,589,921,907,1396,159,199,375,1233,1172,1431,1041,113,1447,108,163,1271,1029,161,1150,1576,376,952,1640,373
892,1528,87,958,1297,1490,82,908,509,986,298,1307,1351,840,451,101,646,283,724,1494,1425,389,1235,1504,759,995,464,1194,996,423,245,1645,1585,657,743,1341,1299,1199,651,403,1443,1045,1445
859,1552,119,1507,1642,1161,278,233,1057,127,60,1262,154,1500,1620,1561,478,188,1121,1556,410,728,38,750,506,305,1147,766,720,1631,132,78,946,1184,235,139,400,592,767,1288,1133,46,1282,899
609,1572,1296,702,1027,370,1630,1497,1619,915,1261,719,953,51,969,947,427,529,623,1105,1644,415,1463,1076,348,625,1227,21,388,1408,1273,785,1580,1374,168,1323,417,1129,1550,528,14,746,1637,1103,289
590,1364,774,223,299,863,604,1181,1110,329,617,326,894,1614,439,930,1495,1484,1481,59,916,42,1060,301,244,497,941,610,35,253,739,1641,1515,1393,175,392,602,985,1428,434,639,684,315,308,1379,992
1420,1096,1590,1108,180,1444,673,752,983,910,1365,881,210,980,200,1091,679,1024,1281,369,984,787,1608,1220,374,1071,147,153,1248,215,1390,1316,1633,597,249,656,1120,1325,1534,338,601,1180,877,100,1533,343,480
1423,88,189,1340,890,1075,1186,505,691,1093,207,317,381,1056,1209,19,491,1219,805,831,265,1285,979,1509,1122,1635,900,1414,1182,1083,663,1562,170,1382,142,1612,810,430,972,96,1207,1114,61,1109,1453,580
648,1502,740,1068,25,1032,409,1524,923,494,1231,152,1301,407,1648,798,1330,698,1512,1548,1433,411,1457,977,1013,266,178,73,675,1159,1595,871,1625,1112,263,1451,760,1629,1518,1469,1373,809,1160,660,1600
697,654,103,444,24,472,583,1153,1441,735,1141,1603,1080,1541,587,1246,692,715,927,537,41,1138,477,803,1124,989,1238,733,1473,994,712,705,737,725,1152,628,79,107,982,324,452,1197,144,1315
259,1306,1476,121,1607,1650,53,194,1183,104,833,1151,749,177,678,1098,212,1646,302,1253,1292,97,1134,754,5,1014,758,1175,829,671,1432,565,991,462,595,347,757,611,511,1003,727,1000,85
206,219,57,337,838,917,1132,322,726,1638,841,282,408,12,1594,166,549,1349,888,1115,1654,799,614,1401,9,1525,732,135,634,622,812,1465,1025,830,701,898,1188,1166,1303,858,286,518
629,1187,1547,386,213,420,1617,481,603,545,56,130,1488,268,419,664,440,802,1439,406,426,1078,1167,362,1210,1523,612,867,588,618,562,1232,1211,1410,311,1202,546,860,214,340,382
1171,211,62,1010,1501,1028,500,1380,771,1176,37,1293,1459,43,926,421,1278,783,596,1531,866,944,674,1470,813,681,297,150,1571,1570,770,479,187,401,1015,949,469,1616,729,621
939,274,707,550,341,734,372,1125,821,1626,1142,1591,1001,134,72,586,723,1519,548,556,313,385,520,519,782,309,350,1360,620,413,1598,694,819,357,250,1521,81,209,816
432,393,345,1130,868,751,405,987,1491,1514,1487,940,876,30,36,332,714,1627,959,449,1589,1609,224,1450,74,521,284,800,1369,763,13,886,699,1193,777,15,1613,63
510,1392,465,718,806,516,412,331,10,919,1287,918,616,1007,1409,95,864,508,1593,22,126,325,745,1276,606,1077,1386,945,1272,493,934,551,27,320,851,221,845
1430,1290,260,271,1061,1131,1458,1203,790,240,272,205,652,339,906,1454,850,404,1546,334,524,303,955,4,570,811,69,1023,1511,854,1066,566,884,1348,1095,778
1493,1200,248,498,922,3,1482,1104,695,689,775,438,615,115,1342,1279,269,1624,354,455,18,122,1201,1636,1116,399,1353,687,1044,1079,1478,1320,1566,1352,145
216,366,1567,1241,937,638,125,1016,257,653,342,208,515,861,128,68,1346,870,624,855,914,448,1226,542,492,1551,1305,71,280,1559,613,220,391,647
796,359,1065,1436,962,804,230,1468,149,140,552,1135,716,523,960,1275,641,1419,997,637,1367,1314,776,1020,820,237,1639,1623,190,1615,913,1270,91
1416,333,1553,1358,832,1343,791,961,157,525,1480,475,555,141,428,1195,447,1334,1581,1019,1168,295,65,885,353,502,1520,574,387,661,1051,1113
1070,232,1400,281,1212,181,902,32,1587,1526,591,1100,1123,935,1411,1543,909,143,1062,931,975,414,1485,397,1579,753,114,1054,1506,276,330
761,1605,788,1539,123,527,1538,29,352,254,823,721,540,246,1460,773,238,52,261,229,1535,535,105,924,632,20,1413,1338,247,495
1225,1655,1583,553,1578,1517,1347,768,731,31,534,395,817,1404,226,769,822,156,418,501,484,291,294,762,1022,436,882,1611,1092
1395,217,950,533,1418,48,1542,954,468,86,880,50,988,1259,1405,666,538,801,1569,489,1421,1106,709,383,560,179,772,883
1204,844,319,559,710,346,795,367,693,131,1011,191,1489,856,1101,956,677,1059,252,1328,619,431,1005,1363,293,1042,929
129,973,1417,54,371,1308,165,862,1089,316,835,1350,1449,273,585,948,1074,1185,543,1376,384,857,26,1038,55,146
1228,1313,1333,572,1055,1440,708,1399,174,1012,241,93,526,581,1043,598,558,442,874,1300,499,1236,683,437,1244
815,575,167,1260,173,11,239,1310,1223,869,650,94,1084,1145,236,1191,335,196,344,364,780,1162,202,971
