25
1728,1559,216,1691,1597,285,1729,331,408,1604,1714,1001,1289,1315,666,1127,434,217,933,1161,1527,901,576,624,1642
835,159,1244,1184,717,909,1050,817,767,1076,1672,913,76,785,1680,209,1247,4,587,1302,1266,1303,522,1496,1250,1694
860,219,1279,1701,870,445,1653,1363,661,82,1560,1704,1306,1720,627,545,446,565,1314,1088,757,1553,1637,758,202,495,1193
1388,350,1515,867,1569,1333,1595,1789,21,322,1721,1231,1768,177,723,524,1117,1698,1214,910,981,878,2,1484,1056,1375,1218,233
1338,827,1554,1411,422,1652,1079,1339,824,1681,225,427,220,732,75,579,1666,262,580,1725,1164,1263,802,1533,215,1507,401,1545,1259
1125,1305,1689,1383,1526,1551,972,1119,673,1160,504,1785,1797,738,1541,595,916,1601,1567,869,172,1459,336,477,296,1450,1159,566,1636,962
79,1102,127,1146,747,1368,684,341,711,1362,1570,1137,766,329,1341,1708,929,1042,552,707,1176,431,1668,590,416,370,161,1674,178,1139,1018
143,1462,1485,1336,505,1103,1627,702,834,718,647,466,614,1475,1468,965,1077,1487,809,703,1770,260,1514,418,242,705,1257,890,952,289,725,1649
534,1061,1207,1009,967,1713,404,333,1229,1434,1235,1438,241,1726,1583,320,1523,1449,1157,1148,1769,439,1284,1772,1692,596,1765,1738,715,437,1227,1291,1456
63,335,1409,657,794,1293,895,1795,1422,1455,1312,769,1024,218,443,107,774,1290,1779,558,240,442,1648,1731,1470,166,95,471,934,236,1264,119,1482,805
792,722,163,1667,712,922,1233,1343,759,261,880,991,1453,1394,1320,1427,229,1240,1352,1671,224,1555,130,956,226,1657,1173,302,1280,1421,475,26,1581,1486,597
691,73,1045,557,1331,112,186,9,832,740,1251,1461,194,1382,839,947,521,1747,74,1497,1226,1110,820,937,1116,1562,430,188,1693,5,1588,1634,1203,1052,1538,211
1167,1196,1361,1419,1129,690,1046,476,1727,875,1444,118,420,784,811,1502,822,1311,923,1697,313,106,1558,843,887,1013,140,1711,1546,193,640,772,1771,686,195,998,1225
1106,1423,512,1703,1153,1276,864,1644,1750,1540,1372,357,306,1707,760,1705,1351,1629,500,1777,1794,1679,48,1543,761,93,918,1451,825,1695,942,169,924,853,1334,239,156,1517
7,1049,1744,151,516,1055,1070,1552,1699,656,507,1143,1017,919,730,611,66,1454,1621,208,803,688,768,337,451,675,1716,1384,721,319,692,1104,782,421,448,1479,851,1262,950
1399,1548,1398,463,1370,771,1313,1022,1295,1108,1197,1365,1780,1790,726,793,1033,1787,999,1571,791,829,17,91,542,247,1493,739,664,110,139,221,50,1187,866,1397,560,741,1357,604
198,1631,502,1730,398,1584,207,1180,1080,301,342,1547,153,1133,1175,1065,316,763,183,1114,355,0,1402,1059,762,1124,1328,487,678,326,373,1600,1798,1745,1020,681,324,441,278,663,120
618,1308,133,996,619,568,1568,1078,1210,997,498,876,987,1663,1121,1034,1301,1626,190,1501,902,460,525,978,612,348,1579,116,1156,94,423,64,672,798,455,47,1739,1793,371,1712,286,1420
1749,362,742,375,951,1169,948,1191,1534,1040,1673,1058,748,1784,378,1200,146,1506,654,179,1472,1,419,1439,33,111,1788,1258,886,872,698,361,1011,701,250,879,36,1609,356,90,449,868,189
847,257,1577,252,789,1734,1371,479,1296,1029,1221,1598,397,1783,1318,1565,1376,744,1582,610,1466,20,1199,804,1126,646,228,1349,237,464,551,1433,838,1181,1428,1385,1594,753,927,617,1111,407,1403,1535
1054,764,1587,1144,1437,1443,288,323,1678,1107,123,1162,881,307,677,318,1690,1378,808,293,928,1606,1529,779,173,1576,1700,1735,582,492,497,1593,1504,1142,155,649,1446,1623,733,1511,526,295,428,227,392
641,665,1016,724,1269,1617,354,754,393,1757,272,1105,1182,380,232,995,1287,1669,1057,1023,1478,1781,117,10,1753,243,1265,184,749,511,1066,899,1465,1165,751,1359,960,1377,235,1400,1404,1095,1521,1396,1662,147
734,372,1178,376,1441,1219,1614,433,787,470,605,828,1684,939,43,1643,615,921,1706,346,1723,628,1519,778,399,305,840,137,1413,1358,1537,230,746,1635,976,1006,861,1019,271,1539,979,298,975,633,1268,81,932
114,1155,954,435,850,1198,699,164,745,1243,643,196,1688,165,1764,1686,848,1457,559,964,84,1043,444,572,1163,1327,974,1702,1031,353,1425,616,1492,136,1512,138,537,1442,340,1292,1064,626,144,364,1564,1756,1616,1345
1237,1140,1101,1195,158,25,1710,1401,162,37,1002,842,1145,465,1786,655,530,458,562,1113,317,1381,1510,531,424,877,1098,1654,639,1761,461,1742,727,625,457,374,135,12,480,485,134,1053,575,1271,1602,1256,1646,1028,303
1299,1321,388,546,599,1531,1665,957,554,1326,1463,100,600,11,946,300,1174,52,1132,1246,291,1201,571,1661,1392,210,1364,98,1190,645,667,529,1128,622,1038,273,1234,915,1717,35,1435,1223,510,931,1186,23,55,1060
1791,19,1213,1228,1645,800,1767,365,1350,801,1603,790,103,841,1138,674,884,447,966,540,1260,549,150,1149,550,795,1640,334,1580,1774,1641,885,1549,969,1408,607,46,400,547,535,1590,583,1618,1751,709,563,132
1275,1628,1625,6,1758,1532,567,40,330,1436,1578,731,1099,259,852,1458,1412,815,45,816,573,1524,1473,837,984,168,1027,246,1005,385,598,1415,436,281,1337,1687,893,1572,1253,1086,394,99,1599,668,452,1480
1620,387,328,896,1004,42,1624,1277,287,1495,1252,973,1386,1460,538,858,379,1309,429,660,78,1573,1348,87,1509,124,1632,62,1168,1329,519,167,1407,1395,930,405,231,488,1242,108,1491,1622,1245,941,406
1356,1557,175,704,898,680,270,450,368,1516,77,917,634,1135,1520,1323,1300,977,1041,693,121,315,1613,569,1682,1212,69,653,381,1406,192,1335,1092,486,1075,482,1619,1087,819,1074,1152,1025,310,86
862,1340,28,292,1630,174,499,1208,203,1183,959,1012,1166,1659,765,51,636,883,992,53,532,944,1494,564,496,1035,276,1007,606,263,506,1344,1658,736,1147,1261,277,101,1416,126,484,659,1647
60,1072,456,830,1432,780,501,1390,694,1469,1481,982,467,955,1755,1249,968,332,844,1743,857,1094,1112,59,360,31,1342,125,1278,1592,468,290,1773,985,652,1418,1120,695,395,383,1032,536
294,1615,1109,44,478,1776,581,1236,1130,1733,1766,683,1447,874,818,1123,104,1467,1141,1188,67,713,520,845,1556,142,602,170,1650,650,743,1282,1209,1445,651,891,1656,109,1254,1230,16
1518,555,1304,642,18,1286,1719,859,980,304,325,312,1317,22,1325,411,80,1332,710,629,266,314,1696,1347,989,469,472,15,24,1319,185,1782,856,1366,1471,988,1048,589,1008,297
65,687,716,1760,1585,41,489,1775,938,1490,253,908,1607,97,152,1030,682,474,85,1015,613,949,1204,1610,1405,1215,1083,821,1274,912,249,1122,197,892,1170,1476,1379,1316,32
823,786,1073,592,1525,810,1414,920,1380,1763,623,311,863,425,1715,54,584,831,644,205,1685,1239,1367,254,1118,1477,384,1232,122,1754,935,1000,1655,1464,1746,523,1528,671
213,1489,1589,389,1675,1605,128,1220,783,1283,813,1179,89,515,1353,906,1498,556,943,855,1393,1430,234,204,200,34,814,1330,1158,244,30,561,632,462,1452,994,1205
113,631,27,490,396,756,1224,971,309,1574,29,154,1683,1298,1426,1091,160,620,483,990,1737,308,1194,1752,1273,578,1664,1639,1288,1014,1069,214,544,807,39,836
752,940,1638,1612,609,1067,679,889,377,1238,366,638,1732,417,1431,846,904,543,588,737,700,238,1003,1310,1241,1709,1530,1542,1081,1660,245,961,1248,70,983
1192,1499,1505,1216,358,359,1792,1355,1171,882,1670,1021,58,1561,553,1563,413,1544,351,149,806,970,1522,171,181,415,1307,256,1759,105,888,1089,339,454
1596,1206,1047,528,1724,697,1037,145,1131,182,1778,826,102,201,390,264,344,284,685,513,410,191,391,1082,1202,267,473,426,382,282,1062,148,608
1150,925,963,945,1796,1586,1389,187,1085,1387,222,412,1051,176,630,180,386,714,894,481,585,1084,1255,1097,689,1267,1474,833,1036,637,409,1324
1294,527,327,706,1096,1189,414,440,1651,402,907,1010,1093,958,1488,1500,345,1611,13,248,1550,1026,777,993,1039,1068,1071,1440,796,494,708
900,670,1503,750,797,49,265,548,570,1799,1513,1800,729,1448,71,343,1374,788,3,514,508,1281,1090,936,206,14,635,594,658,1536
258,926,1322,621,459,275,57,509,56,1063,773,1736,68,854,274,1718,321,574,72,8,268,491,338,255,1177,1185,1354,865,432
349,603,696,352,438,849,131,593,1222,1151,1270,905,96,279,669,38,1044,269,88,1154,1369,251,299,92,533,812,1677,347
1136,914,115,770,369,873,781,897,720,776,1272,453,367,775,1134,1373,799,517,129,1633,676,1424,1740,83,1360,1285,1748
1115,986,719,1566,1741,212,1608,541,911,61,493,755,403,591,1391,503,223,1591,871,1217,728,1483,601,953,735,1297
1417,586,280,1722,903,1410,283,1346,363,1429,1211,1100,577,1676,199,157,518,141,648,539,1172,662,1762,1575,1508
