26
1614,1819,820,539,250,1137,1350,379,1447,1673,1755,1107,1936,1508,331,1602,165,1049,1839,639,625,1216,766,1575,184,1319
745,1641,295,1426,1399,836,1145,285,1761,1124,884,1615,1727,852,1561,1298,1742,649,655,1759,934,498,819,1616,1696,558,290
1642,1709,783,1331,1634,447,141,722,1009,1300,640,1197,325,1202,645,1906,26,99,1581,483,44,726,1017,1669,390,80,1031,1802
778,1543,1787,1225,1214,155,910,270,538,1677,987,1929,1053,1811,1827,83,134,1027,1059,248,1919,886,799,1423,920,871,1792,1845,1831
1394,610,303,786,1589,275,1695,337,788,1301,1279,297,241,1217,669,1296,90,809,1415,913,1333,140,1528,1321,1204,1738,1106,552,1731,354
1746,1815,1525,507,1437,305,1513,246,1564,1729,1418,759,1623,1414,493,569,1000,408,1592,124,6,1605,1071,1636,720,183,1150,603,1127,789,1330
1619,463,1847,1907,1235,1598,823,593,1536,1084,707,1914,1250,666,712,54,1504,1687,424,1335,695,1643,58,1095,1826,1373,1219,1576,1846,632,584,32
949,565,1707,903,1074,386,201,1041,1785,1368,844,710,1093,423,1422,1430,79,1092,537,583,1518,1439,55,1671,718,1617,798,1334,357,1544,557,1496,1860
780,1194,1622,842,974,472,635,369,17,1103,737,620,1630,1882,689,1062,861,1175,494,1667,927,1391,1356,543,221,1158,1139,573,200,1388,748,1830,568,296
18,1327,930,1757,1832,251,709,482,672,211,508,1863,1355,1836,847,950,513,1010,491,426,770,1419,66,381,497,1400,109,1743,1950,1480,101,1005,785,88,553
866,389,548,1805,1517,1744,1016,383,1456,1348,362,805,612,970,269,1291,1549,38,317,1675,1019,1767,1234,1646,564,418,703,232,1046,1523,1132,33,100,670,1454,95
168,1246,585,1849,942,53,1751,787,1507,1940,1288,1822,1829,615,1304,957,985,838,1719,850,1825,1877,517,697,1679,462,1520,1026,1417,601,622,882,224,78,961,502,679
1284,1295,658,681,1603,1435,1076,993,1721,406,1917,878,892,1051,242,176,61,926,1712,1535,839,298,1267,514,477,975,212,1590,1006,208,826,1229,1644,1627,56,207,1270,1360
701,279,1179,1834,1820,1424,1226,27,746,843,1577,989,1136,1833,1803,1697,1096,1054,1412,1057,946,1237,1087,1257,965,1212,68,313,1315,579,376,1682,1366,1701,628,399,1599,119,1762
1138,1160,765,454,1180,1310,1600,1848,1104,772,1472,1339,1484,931,736,1510,59,1345,779,1069,1428,801,1550,1379,812,997,818,444,1075,393,1730,1853,1637,1384,1392,1244,1367,1248,1874,1509
943,1629,50,1748,1459,527,660,1611,1061,572,630,1413,1923,471,1320,367,613,1818,1189,1238,1460,911,1434,1935,1013,797,1921,1559,511,853,688,1361,43,413,1359,1405,611,1066,167,750,1724
893,654,642,455,595,1580,171,1444,1123,229,1109,1275,1201,948,1052,1451,567,1188,62,887,1875,1039,629,181,1638,1903,74,1157,661,885,916,704,1251,365,1763,1910,671,1134,1236,790,991,1692
1781,1702,831,1934,1340,458,1425,412,1859,1610,877,29,411,1277,1410,106,240,1891,11,1693,136,1797,509,162,352,1466,1501,1221,924,845,813,1568,1101,1457,879,1843,52,1570,1146,64,1560,49,1404
535,623,1233,276,663,1774,857,598,1913,259,163,1886,833,132,1624,1292,1840,1799,1463,1593,686,693,1857,1574,1780,225,1732,1939,901,302,1187,1407,1631,333,1783,735,1471,460,1181,698,1449,321,915,1249
1737,1720,1942,1489,387,1108,1657,832,1135,1240,1896,10,646,1698,349,1532,1613,338,1898,1004,5,1098,773,1821,1155,1191,715,1635,1823,1285,1114,1176,1044,1314,1383,1571,1440,951,1916,1715,1170,637,1185,1289,1902
196,263,1752,794,1810,594,378,1876,1710,1258,1586,422,952,1664,529,966,416,1569,888,430,1674,1343,1386,1008,972,1211,1133,1649,1880,777,1364,1342,1468,1094,768,738,438,1841,1928,1705,908,1776,822,108,1242,1162
1949,580,1563,1944,986,1264,917,267,1937,409,252,36,377,1527,609,143,442,231,487,821,846,1329,1452,1582,848,1873,280,1885,1782,1626,1706,1750,20,1028,667,512,1429,1618,1371,1789,1865,1699,1268,561,1685,1072,1911
800,1287,1318,440,479,489,1879,856,685,1497,490,547,1210,516,437,304,510,306,265,203,1266,264,889,1363,540,1156,115,530,1112,1558,1881,1498,1661,1565,1317,680,1546,1476,1427,954,451,574,1768,1506,1890,1195,1349,233
1047,636,774,292,1672,112,1562,1037,311,339,1870,1243,906,1302,1745,1208,1171,618,763,293,402,63,1772,835,1022,1494,147,1861,587,1448,220,694,1601,1632,1178,505,1670,1338,144,1357,793,1261,1866,744,1892,880,858,1445,96
31,1462,1540,1065,1038,907,397,12,1548,28,2,1493,945,1323,142,711,837,1555,1353,590,550,1530,1816,1365,1464,714,434,1573,1777,515,1374,1040,656,1606,1228,415,1588,322,123,791,1754,1522,921,854,1666,691,1734,616,1168,1854
1584,1534,91,1749,918,1312,1043,929,1131,188,578,825,255,24,431,1117,1482,257,1572,1126,1689,1771,563,363,131,299,534,982,421,145,1080,1758,351,356,1297,1308,1252,60,495,938,589,324,453,641,1151,988,795,1125,392,1922,1067
566,71,994,1858,571,1855,4,361,741,1286,486,396,1753,1453,1930,375,3,1947,1030,1483,1147,41,1241,1387,439,1111,1122,1798,1651,205,840,841,1920,1723,228,633,104,1479,619,1557,1529,98,174,1395,1116,346,1945,65,1227,94
1837,474,271,933,734,1828,1766,332,15,1001,724,756,828,713,922,570,151,1148,554,1064,30,1918,1325,869,1711,1487,1796,1491,277,1524,186,1566,1741,865,153,1167,120,597,405,504,1322,1199,1042,1678,999,312,1612,1556,1192
1607,1351,1795,307,22,436,1272,1396,940,873,767,291,1503,657,1206,1790,1541,1416,366,1653,501,256,859,468,804,334,13,314,682,1770,180,122,301,1931,771,1521,1294,193,1793,1119,1058,1014,1303,1149,1691,1063,202,320
971,1801,261,1807,417,1163,827,1551,1090,215,1390,1306,425,1461,1165,981,1354,1736,976,1800,1231,600,1908,0,1585,110,1205,1547,86,979,179,268,364,1655,1851,1002,1850,958,962,234,160,239,1856,125,1385,855,223
864,1537,1036,1398,721,1177,1946,1299,164,1894,103,733,1099,781,1888,1450,760,1142,146,1526,1465,496,121,699,1068,1594,1905,1779,725,1887,173,996,289,863,1578,1545,542,1380,1862,258,1470,1591,533,1411,1844,876
1519,1421,187,1082,1633,370,67,398,1620,576,1045,16,1081,75,1735,659,742,452,653,1663,817,870,944,528,1372,687,185,342,1369,1282,1927,1328,373,371,1326,368,526,344,1153,932,1842,1033,728,139,443
1716,729,465,105,1196,1223,266,1700,1278,872,1933,350,1708,919,273,328,47,751,1346,1628,102,647,446,1209,198,216,955,9,1728,1515,1389,592,1018,1639,382,851,37,1718,427,478,1370,690,1313,1056
1431,743,521,1733,414,218,749,1895,380,549,1159,128,14,1060,129,1012,1403,169,532,222,1,546,1864,157,1786,1778,626,599,1347,107,92,310,1048,662,133,1397,731,1899,1121,1654,1260,89,947
963,1838,990,445,1640,1486,524,960,1686,195,1552,784,1889,596,1020,1948,1516,1794,964,1533,1245,135,175,1579,72,1274,499,249,372,1088,631,862,912,717,1583,1352,485,1118,214,1943,1478,1079
1740,1490,1283,288,433,577,1883,1115,1120,1218,319,860,73,152,1694,968,57,113,904,520,1271,875,1140,360,327,466,358,1867,1200,19,1647,1814,1073,1717,644,1311,450,868,1290,347,1714
898,753,394,677,1409,1332,808,518,874,391,503,525,1900,716,807,890,236,243,1596,82,1897,897,581,1220,739,336,834,1813,1909,475,582,323,1377,470,1307,959,294,1161,1085,556
34,1791,1703,197,1382,1567,1184,177,272,1492,895,1174,1621,467,824,1808,1378,1203,432,1198,980,1788,1806,1725,85,1280,815,702,1473,137,1011,1726,21,830,1756,586,937,928,1690
1050,1406,1904,1265,428,1554,480,235,1648,283,541,237,696,977,476,449,189,881,1915,385,1495,355,939,692,1538,182,130,953,1183,1938,1254,1015,650,1256,941,1273,209,723
1152,1021,1511,25,814,1164,998,562,230,1344,116,1113,1609,150,1650,1475,575,1924,900,849,1144,316,87,1102,545,247,1502,621,747,429,905,1458,544,359,902,159,1420
178,448,627,1531,7,719,206,1393,638,1402,1713,732,8,555,643,1773,782,1660,1166,469,1884,1812,775,810,284,1358,335,238,1247,488,588,70,1784,909,410,1089
1154,1438,190,166,1659,1362,1443,1469,1193,1173,1668,606,401,1408,309,1032,1595,803,170,1688,624,1625,727,894,1293,138,896,281,1376,675,761,1604,81,1871,388
457,172,1341,227,757,1091,348,1034,1514,651,254,340,776,995,1477,1500,39,883,1130,676,1232,1722,126,891,278,1681,1926,1224,161,1665,69,1499,652,608
274,194,353,1213,967,1381,1739,384,1683,935,708,1172,1078,111,1652,648,614,300,1817,1324,914,1077,668,806,282,560,1025,1441,1597,97,506,473,253
374,769,984,395,925,1097,1083,1281,1309,114,245,816,456,1024,51,1704,1337,973,219,1110,764,1436,435,1375,1230,1925,1587,1190,1658,634,45,400
1182,591,754,260,35,684,762,758,604,244,1481,1676,326,936,459,1747,700,1775,1553,213,531,665,341,792,1804,1872,481,419,1512,1401,1262
1215,1432,40,1680,811,983,1760,158,492,1259,1869,1505,46,617,308,1141,1129,315,1105,420,329,286,523,1169,1868,730,77,683,1878,673
992,522,664,93,1539,1467,1035,1305,536,117,1455,1932,1086,1474,345,678,1769,226,1488,1656,1912,330,519,127,1055,1100,1336,1186,1893
740,802,867,829,674,1684,156,1764,192,48,500,559,978,1276,899,1765,343,217,461,76,1824,1143,752,318,1070,796,1255,154
1485,1542,1852,923,1222,199,149,404,551,607,956,118,42,1433,1029,1239,287,1835,484,1645,1662,605,1263,1253,1941,23,204
755,1608,403,1207,210,1269,84,706,1901,1003,191,1023,1442,705,1446,148,407,1007,1809,1128,441,1316,262,969,464,602
