8
24,141,65,110,146,149,145,62
77,113,155,92,54,136,165,30,41
105,148,134,109,164,76,156,59,111,67
162,63,50,142,117,138,25,167,7,154,57
60,124,4,157,11,81,150,168,144,123,147,119
159,53,129,8,75,71,91,31,70,80,166,133,120
48,118,37,47,140,36,116,130,0,108,107,152,127,69
125,103,151,131,28,10,13,137,163,115,19,112,14,95,132
6,97,158,33,17,42,93,85,106,121,18,83,21,74
16,38,84,61,114,2,64,66,52,96,51,98,79
87,139,78,102,26,40,90,128,1,82,5,104
160,72,122,12,55,46,58,39,23,35,73
3,49,27,34,88,43,9,45,86,22
56,99,135,44,89,153,101,29,32
20,15,94,100,68,126,143,161
