9
209,156,142,110,202,210,128,123,148
183,193,23,89,125,61,182,74,122,171
158,8,152,215,66,107,208,19,150,207,153
168,103,16,70,30,3,73,190,203,216,108,104
51,159,100,172,55,80,145,105,129,111,120,177,198
41,58,119,114,76,175,200,130,206,124,10,127,86,137
88,154,213,64,194,143,149,180,163,106,167,195,21,136,134
29,176,67,90,54,155,81,68,0,179,117,83,98,26,35,39
95,185,24,116,17,131,191,96,85,92,115,32,40,44,71,212,101
169,214,25,147,196,4,178,15,65,45,84,60,174,59,166,141
91,201,146,161,97,197,133,184,102,157,57,72,9,12,22
42,126,48,1,94,189,13,132,14,188,162,165,11,20
205,144,43,204,27,173,151,31,7,37,69,187,93
170,56,138,181,77,36,109,18,199,139,140,87
113,99,186,52,5,121,6,47,33,78,118
63,28,46,38,49,160,164,192,211,112
135,34,82,62,79,50,2,75,53
