3
15,13,8
14,17,9,16
10,18,0,4,12
3,7,2,5
11,6,1

4
15,35,24,23
20,36,33,31,29
27,26,30,25,18,2
19,14,7,32,28,34,5
4,13,0,8,1,11
9,21,3,17,10
12,22,6,16

5
40,49,42,53,12
54,55,46,22,43,37
41,48,50,60,47,59,28
57,3,15,0,45,27,36,13
17,39,2,25,52,20,19,56,58
5,26,23,4,24,35,21,44
33,16,29,14,9,31,7
34,11,32,10,30,6
8,1,38,18,51

6
67,80,79,81,73,45
69,86,88,7,74,85,55
68,47,0,38,62,12,32,64
50,75,59,90,10,78,76,84,63
77,53,19,87,61,23,60,37,44,70
46,82,4,36,43,71,20,40,33,9,28
49,48,57,21,1,14,89,5,42,24
58,30,54,25,39,22,41,72,51
2,29,83,15,66,13,16,31
34,11,3,6,8,52,65
18,26,35,27,56,17

7
79,113,115,114,98,116,36
104,95,110,83,52,118,84,117
80,96,10,89,123,124,122,47,106
111,82,86,105,26,45,109,60,119,65
76,125,120,20,62,58,56,59,11,16,38
30,100,78,12,97,93,67,0,9,39,107,27
102,14,81,108,101,68,70,126,55,121,103,22,53
28,3,90,61,29,88,46,6,72,37,77,17
34,63,94,66,35,91,43,85,31,75,44
42,54,24,1,25,40,74,50,69,112
92,64,73,7,21,4,32,71,15
33,8,2,51,18,23,49,5
87,99,19,57,48,13,41

8
24,141,65,110,146,149,145,62
77,113,155,92,54,136,165,30,41
105,148,134,109,164,76,156,59,111,67
162,63,50,142,117,138,25,167,7,154,57
60,124,4,157,11,81,150,168,144,123,147,119
159,53,129,8,75,71,91,31,70,80,166,133,120
48,118,37,47,140,36,116,130,0,108,107,152,127,69
125,103,151,131,28,10,13,137,163,115,19,112,14,95,132
6,97,158,33,17,42,93,85,106,121,18,83,21,74
16,38,84,61,114,2,64,66,52,96,51,98,79
87,139,78,102,26,40,90,128,1,82,5,104
160,72,122,12,55,46,58,39,23,35,73
3,49,27,34,88,43,9,45,86,22
56,99,135,44,89,153,101,29,32
20,15,94,100,68,126,143,161

9
209,156,142,110,202,210,128,123,148
183,193,23,89,125,61,182,74,122,171
158,8,152,215,66,107,208,19,150,207,153
168,103,16,70,30,3,73,190,203,216,108,104
51,159,100,172,55,80,145,105,129,111,120,177,198
41,58,119,114,76,175,200,130,206,124,10,127,86,137
88,154,213,64,194,143,149,180,163,106,167,195,21,136,134
29,176,67,90,54,155,81,68,0,179,117,83,98,26,35,39
95,185,24,116,17,131,191,96,85,92,115,32,40,44,71,212,101
169,214,25,147,196,4,178,15,65,45,84,60,174,59,166,141
91,201,146,161,97,197,133,184,102,157,57,72,9,12,22
42,126,48,1,94,189,13,132,14,188,162,165,11,20
205,144,43,204,27,173,151,31,7,37,69,187,93
170,56,138,181,77,36,109,18,199,139,140,87
113,99,186,52,5,121,6,47,33,78,118
63,28,46,38,49,160,164,192,211,112
135,34,82,62,79,50,2,75,53

10
189,22,217,239,98,178,68,96,180,232
176,171,79,116,269,146,100,235,234,228,167
7,59,75,244,150,19,182,262,265,54,223,97
156,69,224,233,144,162,252,197,201,193,2,221,149
122,102,250,28,40,199,195,11,105,132,258,90,238,112
133,115,192,140,160,218,130,124,26,267,261,3,110,76,78
208,81,256,241,222,136,260,10,169,74,157,47,203,25,213,118
220,209,121,173,38,185,99,50,266,159,187,73,248,86,14,191,61
196,268,137,210,44,89,56,184,214,242,264,152,240,253,15,51,114,205
106,104,33,39,215,270,32,18,34,0,35,194,37,128,166,219,48,254,64
179,155,168,251,225,42,4,52,67,257,92,170,62,216,134,190,255,16
154,247,161,103,204,65,58,226,95,237,151,82,143,6,70,5,188
175,27,31,91,20,108,123,94,230,207,12,13,229,85,259,111
246,243,126,21,138,88,120,87,49,77,135,263,36,113,198
46,141,177,107,117,30,127,158,148,183,63,17,231,101
206,186,23,41,172,147,80,9,1,125,245,200,83
163,165,139,55,66,131,60,227,72,211,57,212
84,53,119,24,45,202,43,142,164,145,174
109,71,29,93,153,236,129,249,8,181

11
195,264,274,95,250,118,105,251,210,99,253
11,113,147,171,266,120,90,292,280,235,64,121
229,315,14,46,204,248,190,44,314,200,218,51,40
284,267,276,94,304,181,50,318,136,223,216,311,88,177
227,47,194,132,317,239,312,91,297,12,258,27,307,39,74
302,207,26,211,137,45,183,141,325,254,319,153,158,296,156,184
78,15,133,246,66,188,260,322,152,151,173,139,281,219,178,28,84
114,259,49,199,282,263,81,286,240,52,164,107,196,231,209,329,256,269
54,165,36,62,58,149,150,206,241,138,213,236,238,249,162,191,237,160,320
193,19,293,306,208,287,33,65,22,32,68,233,255,270,168,300,288,124,299,35
225,326,83,252,197,290,172,273,217,212,275,13,192,291,3,180,63,324,117,6,67
17,73,303,89,272,285,323,321,42,111,96,0,86,262,112,23,30,93,148,87
189,201,2,271,159,77,232,245,24,230,244,140,176,310,5,328,234,25,161
109,79,155,265,247,163,295,144,116,175,101,100,110,222,179,75,186,309
167,330,261,115,29,104,214,187,154,37,298,9,34,18,82,122,301
313,7,85,38,72,31,53,134,59,10,130,128,283,215,21,289
146,174,131,61,16,127,106,185,145,102,202,125,228,224,198
316,157,268,308,142,1,243,182,205,41,221,55,135,220
8,279,278,129,242,71,20,226,97,257,294,92,203
76,166,169,327,305,277,103,60,43,170,69,123
70,48,4,80,98,108,119,57,56,126,143

12
123,66,234,354,89,74,217,165,103,344,370,214
377,225,198,281,365,383,132,259,31,295,130,367,125
362,272,316,337,187,347,375,260,90,292,368,345,219,160
311,51,39,293,136,182,240,314,372,340,353,71,327,134,162
82,177,274,305,209,336,224,232,112,378,97,363,12,145,193,241
393,332,342,204,237,101,366,243,141,233,273,201,373,296,47,194,59
144,231,223,275,325,387,50,244,374,188,312,150,147,339,69,379,334,391
306,186,13,205,168,166,119,388,62,376,27,22,351,343,183,282,146,338,87
261,170,238,174,286,157,122,15,289,369,195,257,8,84,76,77,350,229,358,156
118,266,121,301,43,228,263,106,335,179,0,55,108,356,155,313,2,107,81,258,322
37,269,78,227,25,279,42,44,390,361,7,105,395,245,17,202,116,142,280,154,385,323
218,149,49,341,331,113,102,127,346,320,276,288,328,310,20,109,318,389,203,138,381,178,264
371,267,93,321,67,169,16,357,21,254,128,173,139,309,73,75,265,329,253,148,246,298
164,18,200,135,63,284,104,394,382,100,140,252,207,355,277,210,172,278,29,192,99
333,124,85,326,94,270,304,319,11,159,396,143,120,171,330,191,302,317,212,40
226,126,248,196,54,95,137,64,5,163,300,41,299,206,235,256,65,38,294
291,115,158,221,48,364,285,88,222,9,26,242,58,176,216,262,181,114
91,290,167,110,184,307,6,53,72,1,153,185,3,61,23,239,348
251,46,197,352,360,57,250,236,208,303,287,56,386,255,315,384
4,324,36,175,68,359,30,308,83,189,79,349,117,180,190
10,35,268,32,297,271,19,60,33,392,131,14,86,380
220,133,283,45,199,213,92,249,161,151,215,129,111
211,28,96,24,70,152,34,80,247,98,52,230

13
245,373,194,437,72,438,302,433,343,137,196,110,351
385,3,97,190,400,237,357,147,419,210,220,425,324,464
359,280,176,458,300,77,442,460,36,134,335,410,226,199,327
43,435,408,239,416,284,337,240,265,205,431,142,308,276,101,249
172,41,148,332,432,18,392,309,427,31,395,405,21,271,318,256,185
253,450,61,381,454,224,250,164,0,422,228,232,303,388,465,260,163,158
193,368,288,242,375,372,266,371,203,316,241,374,339,364,363,273,143,326,447
2,146,466,179,290,313,355,106,418,227,55,235,75,206,456,358,167,78,329,278
398,401,421,297,129,53,238,125,402,294,298,434,181,83,360,17,365,259,362,279,254
175,334,323,451,455,92,135,89,15,82,217,344,51,345,420,128,312,467,397,47,412,353
361,13,462,208,56,81,20,7,230,352,132,255,88,45,178,243,377,257,446,136,95,5,183
236,38,453,80,439,289,322,272,428,429,150,91,160,291,10,64,35,140,325,79,162,85,66,252
409,283,286,390,131,370,187,34,65,212,263,42,119,463,48,209,330,105,444,336,168,311,356,341,215
380,348,139,457,258,320,198,169,123,103,305,28,452,71,445,26,144,180,184,58,376,4,177,159
246,269,369,161,54,443,317,389,27,218,76,118,152,116,214,130,295,386,270,349,261,201,306
46,404,99,24,149,39,394,314,23,112,321,174,423,277,90,69,25,189,247,145,29,156
192,68,213,104,382,22,342,74,40,333,440,229,413,293,366,113,133,221,304,219,346
417,354,63,107,411,448,49,126,424,350,287,171,399,338,234,319,12,96,202,347
197,173,216,231,406,86,285,87,155,248,73,165,157,225,383,251,459,100,70
307,414,30,268,122,407,264,328,120,108,207,50,396,170,461,449,138,102
331,67,296,262,60,222,1,282,426,154,403,9,211,281,430,6,367
182,233,387,191,16,121,166,188,391,415,299,33,62,186,275,200
468,244,44,384,441,127,393,151,436,52,195,117,37,153,310
379,292,84,223,115,111,141,93,19,11,378,267,8,124
57,59,14,340,98,94,114,274,204,315,301,32,109

14
161,531,109,94,326,196,295,456,473,251,482,315,345,229
469,53,225,202,146,402,400,174,440,137,391,105,287,153,88
207,508,525,507,543,108,352,503,176,483,217,516,243,460,8,278
445,138,62,147,433,490,451,435,533,156,330,419,506,493,276,313,378
158,206,322,187,244,141,526,418,166,128,144,32,458,342,104,517,374,358
241,544,397,502,78,479,12,284,442,140,340,351,399,181,363,291,348,237,150
171,4,461,474,59,449,434,537,107,488,296,216,16,409,261,231,514,212,280,332
519,384,329,311,306,208,373,496,321,530,541,164,523,36,50,518,41,269,283,370,501
356,220,22,522,185,395,228,151,497,10,464,304,423,487,223,484,365,339,448,121,239,189
466,227,465,55,328,197,175,513,443,273,214,125,1,91,450,388,259,3,366,65,34,432,289
510,299,512,297,327,308,426,414,126,169,173,430,193,56,5,215,37,394,19,6,404,379,188,303
472,135,536,338,341,211,347,57,481,380,520,102,274,23,290,224,113,343,159,127,416,320,92,446,468
316,281,260,421,403,471,30,535,200,499,213,360,265,234,431,411,452,39,258,500,167,417,498,163,191,230
95,198,509,35,406,355,350,180,310,51,424,75,336,367,511,429,331,470,248,369,142,267,455,362,73,392,24
485,134,44,184,136,437,410,319,106,294,83,160,425,14,218,495,18,300,453,324,467,546,532,529,186,70
99,154,129,489,43,149,245,256,162,292,438,86,123,199,377,383,90,157,82,335,64,323,264,385,401
118,205,28,232,46,398,255,286,359,71,262,387,60,103,20,69,428,0,63,346,240,58,168,249
382,192,194,288,130,33,79,222,254,420,238,478,542,27,38,133,415,285,45,538,333,68,266
447,201,337,353,277,209,293,439,372,17,183,494,124,521,21,381,459,528,486,298,301,407
7,325,204,349,504,253,242,302,441,454,31,361,250,9,116,40,182,80,357,110,412
114,48,76,54,235,413,2,272,195,354,477,386,66,81,61,270,462,515,179,268
13,444,334,67,491,155,84,233,476,89,85,203,540,11,47,49,93,263,221
524,131,111,279,314,190,100,545,282,98,344,307,375,376,143,172,318,457
119,101,463,112,252,52,312,177,96,132,275,317,236,539,396,422,210
305,170,29,122,26,427,42,25,226,152,390,505,165,492,246,436
527,475,389,371,120,368,480,72,15,219,393,74,87,257,408
117,77,178,364,145,139,534,148,97,309,405,115,247,271

15
424,419,87,124,357,605,84,356,418,393,614,166,578,589,277
259,311,398,335,473,556,32,488,316,611,279,368,132,553,347,115
161,81,447,47,193,288,613,129,561,563,280,26,299,626,369,508,621
139,75,557,318,517,113,340,112,422,91,427,604,220,584,516,167,608,98
238,378,168,379,371,510,275,246,442,328,568,417,527,336,618,573,515,349,178
474,341,262,266,538,600,76,219,248,334,410,111,492,609,541,196,268,110,462,86
240,511,16,388,162,119,521,241,387,545,580,174,150,434,52,365,450,576,346,470,221
257,548,420,400,574,366,71,361,386,542,142,272,549,537,426,200,526,546,435,198,543,484
460,258,523,199,93,619,364,544,429,403,404,612,51,575,469,439,345,57,358,377,27,629,147
481,601,594,40,461,151,572,135,332,320,242,49,514,564,213,155,116,603,157,254,457,326,535,551
519,625,414,412,449,588,324,165,532,464,12,362,322,89,222,582,121,622,465,391,482,314,555,607,68
187,284,232,353,175,581,504,331,8,3,395,180,6,30,96,0,483,197,43,303,565,373,17,186,402,216
554,480,448,109,558,352,234,235,529,95,88,181,126,189,101,566,598,194,616,382,623,94,294,421,224,534,34
146,29,496,245,577,102,36,177,261,597,310,592,409,560,191,479,569,20,454,355,105,550,152,133,77,493,444,579
298,528,344,50,525,583,471,423,485,376,183,486,23,530,25,10,137,339,203,321,363,45,2,312,389,415,466,617,370
289,522,230,506,276,590,630,620,491,190,226,494,28,144,255,130,173,172,587,509,602,317,243,304,476,499,595,315
214,459,118,60,184,487,260,428,591,440,227,507,432,392,547,455,41,228,22,285,374,290,372,559,477,610,628
206,188,291,11,586,64,83,185,593,35,231,287,69,236,114,253,145,218,463,359,497,437,306,163,343,425
215,458,14,585,265,67,274,599,293,562,269,606,281,489,411,436,229,156,430,467,204,251,416,319,79
233,394,381,570,552,596,443,539,106,153,148,452,169,85,300,327,202,441,451,292,329,627,271,338
53,296,122,123,438,333,308,305,18,223,44,536,531,66,433,192,540,475,134,128,127,350,309
468,244,120,325,406,367,301,143,273,323,375,4,405,46,278,65,407,282,512,263,225,58
286,42,73,80,21,503,108,9,160,13,500,209,1,82,567,247,100,401,207,201,472
445,380,141,7,533,615,103,70,390,164,501,61,302,72,283,351,249,131,56,39
624,498,456,5,15,208,330,513,170,24,179,90,239,396,495,348,360,397,140
354,210,383,502,413,342,384,313,154,571,211,307,104,518,92,136,182,158
149,212,267,159,431,205,107,176,59,55,408,297,38,33,256,48,520
505,252,490,250,217,54,74,264,99,237,385,171,31,399,138,446
63,295,78,97,37,117,524,337,19,453,195,270,62,478,125

16
438,266,603,614,509,374,285,146,656,676,139,227,573,499,46,579
342,181,375,254,297,416,234,126,231,246,317,468,349,474,543,248,135
657,427,606,201,461,373,451,450,507,716,150,329,267,585,584,640,327,277
567,14,118,440,667,587,705,171,617,620,330,353,184,580,124,8,204,44,548
219,555,519,286,38,619,708,616,665,589,558,709,90,97,522,33,48,595,628,112
645,173,478,714,706,372,504,412,487,225,679,250,477,550,469,621,55,408,88,404,682
697,691,30,376,678,387,626,535,301,639,245,303,454,295,367,659,531,410,144,675,642,191
183,403,385,465,9,252,269,695,241,343,407,358,140,235,355,431,473,216,432,53,176,392,406
547,652,261,482,605,539,72,471,516,259,16,496,188,133,271,272,610,92,544,604,347,339,483,607
698,502,371,370,703,711,279,161,625,177,648,178,422,428,185,354,341,636,386,646,409,75,529,500,1
545,220,594,315,363,538,280,470,681,600,699,111,26,344,593,609,411,702,167,437,61,357,98,262,18,542
653,707,165,221,651,571,207,398,439,206,257,281,187,25,84,69,289,76,64,565,134,413,298,590,719,494,718
152,537,151,244,694,323,658,421,557,331,68,287,321,388,163,517,514,452,460,552,523,455,647,322,50,717,37,490
457,11,486,425,102,369,86,637,6,672,210,383,190,28,155,559,94,316,294,359,79,662,10,264,391,83,274,120,467
360,532,687,417,553,149,320,114,661,222,393,249,713,394,445,147,561,476,351,462,424,121,58,635,663,288,63,677,720,325
472,574,169,13,338,400,527,143,505,489,588,660,423,334,19,196,236,258,599,365,671,397,22,611,89,382,563,328,239,172,263
503,36,65,39,524,458,218,31,87,673,101,348,572,215,481,78,493,197,696,205,444,592,0,362,641,508,666,35,199,615
217,668,597,578,560,81,203,340,255,106,700,224,414,546,613,51,395,60,426,47,71,107,67,268,141,117,530,137,692
243,85,710,336,260,314,242,202,276,650,142,670,591,34,312,333,521,446,528,108,195,712,380,237,479,296,113,238
701,99,693,629,664,512,586,56,463,596,130,488,158,310,631,541,127,247,159,456,40,299,434,49,160,534,93
335,129,415,182,688,449,332,575,41,105,448,510,319,429,43,356,324,685,556,436,562,420,526,492,378,208
311,123,346,304,618,377,442,364,278,368,715,396,352,230,577,602,223,80,318,23,122,213,270,654,350
533,495,326,275,21,265,214,623,66,384,251,3,229,680,300,518,42,598,433,180,655,29,381,20
307,154,291,100,4,513,379,136,389,309,209,148,630,418,198,131,435,361,174,194,419,638,684
32,59,115,497,228,485,232,200,132,110,549,475,459,576,138,12,583,153,162,689,633,551
624,17,430,62,226,570,166,193,632,73,7,345,211,634,179,292,45,302,282,77,491
608,186,175,308,441,103,109,116,704,164,405,390,690,601,501,669,453,125,464,306
128,569,581,313,536,5,540,683,189,401,506,27,104,212,24,686,466,253,15
52,443,283,305,612,337,96,157,447,233,54,82,627,168,564,170,293,520
484,554,240,643,95,284,57,674,256,74,70,366,566,145,511,498,480
525,273,515,156,582,649,399,2,91,644,622,290,119,402,568,192

17
405,142,513,398,473,519,120,577,786,804,592,233,289,680,632,238,499
512,298,518,195,164,709,482,816,114,196,483,521,527,148,223,597,531,156
609,639,186,362,486,380,708,604,806,397,731,99,18,671,374,774,670,225,464
416,675,733,414,506,212,254,791,754,759,433,765,250,646,530,624,63,350,45,488
659,514,389,807,660,588,523,664,625,748,341,692,135,662,128,91,136,475,346,585,337
757,755,79,694,606,308,477,219,697,292,53,452,115,658,140,372,390,743,20,235,429,711
526,71,319,784,296,242,203,240,6,728,127,149,587,369,501,80,511,566,668,729,168,761,533
224,137,370,595,454,612,247,123,665,770,570,157,495,239,450,596,72,330,802,509,690,599,273,701
384,275,15,85,703,762,812,208,730,151,272,706,540,117,710,222,373,522,82,598,209,753,200,627,772
407,139,255,133,628,622,259,803,188,725,586,713,613,563,4,442,491,52,342,809,813,386,280,547,62,557
89,621,192,489,723,735,603,656,569,520,26,638,16,121,98,683,466,811,345,264,721,635,750,351,328,780,583
333,696,320,408,584,528,343,714,67,736,160,790,134,764,24,190,230,645,794,50,796,229,480,33,636,724,657,56
409,418,559,269,666,392,410,283,676,1,113,800,73,699,138,459,778,325,371,430,630,421,781,124,524,444,536,631,214
183,580,10,282,463,572,55,145,782,779,661,0,667,152,438,543,32,43,153,251,178,122,38,376,763,165,261,766,61,48
541,814,617,783,700,461,175,678,265,548,36,686,498,285,393,111,732,395,256,428,387,58,787,727,172,535,474,86,705,108,593
335,174,150,12,684,326,568,126,306,579,155,564,718,674,744,455,332,453,716,40,129,620,505,581,118,574,798,693,737,234,717,458
578,516,573,440,707,316,205,626,653,17,187,313,116,562,281,607,104,14,682,553,276,125,241,179,30,616,288,131,300,777,169,173,201
404,92,479,648,65,445,720,546,274,443,378,60,695,299,629,228,182,102,106,726,484,96,231,602,406,704,496,745,689,614,51,426
266,322,202,213,232,641,767,623,565,771,538,226,348,68,355,159,42,327,447,170,218,719,502,331,801,141,615,244,554,270,2
7,792,539,651,698,293,161,752,158,751,74,669,59,339,199,207,485,746,284,434,425,793,101,758,305,103,311,815,788,702
472,756,399,83,618,253,391,310,712,471,605,776,799,9,246,456,715,681,503,278,515,437,652,69,64,307,739,508,742
184,637,775,324,810,13,93,722,493,571,517,542,279,679,8,431,94,504,529,243,248,691,448,97,154,147,654,227
236,258,467,304,105,189,25,575,28,220,591,291,773,388,417,601,469,589,132,286,130,349,23,317,551,549,785
177,590,210,294,687,545,525,314,364,558,379,11,54,619,436,181,457,494,673,344,176,144,747,301,198,318
263,449,37,262,789,315,582,381,287,321,245,385,420,5,19,354,221,34,46,663,271,216,500,377,556
77,49,162,249,252,27,163,191,84,303,441,76,423,44,435,31,39,167,738,81,468,365,400,610
109,560,204,805,394,647,171,41,734,323,677,427,532,760,383,797,180,29,21,808,655,643,507
490,75,78,633,257,451,649,353,185,600,295,368,302,119,749,309,70,576,352,358,267,462
396,237,382,402,107,768,312,492,366,166,193,740,672,567,100,361,634,217,555,642,422
297,795,347,534,611,401,544,87,403,478,329,143,206,550,211,338,375,110,424,66
290,356,497,415,215,95,769,644,112,419,432,277,88,481,359,608,334,22,336
594,510,650,439,685,90,340,3,412,476,640,552,47,194,561,470,197,460
411,688,367,487,465,413,268,357,260,146,57,35,363,537,360,741,446

18
913,588,916,147,420,807,675,895,666,880,911,556,4,85,746,580,671,773
550,250,449,818,638,893,398,823,269,513,124,324,429,408,218,873,609,259,828
619,532,84,514,394,869,34,75,687,176,545,686,178,876,331,113,144,450,481,697
272,696,264,36,22,648,776,492,730,518,601,805,193,799,111,228,155,348,898,813,701
561,20,669,329,243,849,690,299,221,882,387,846,582,151,723,639,158,109,434,258,517,308
748,344,57,739,357,392,233,918,721,494,68,710,95,166,885,591,576,783,713,227,907,254,423
321,338,651,388,912,159,579,498,649,541,608,564,768,427,755,910,689,171,762,112,476,862,499,760
764,500,889,917,719,289,385,801,353,296,174,700,397,738,44,887,309,168,103,815,547,540,908,98,346
530,878,239,794,743,157,712,663,223,217,493,711,653,273,313,881,727,771,23,858,597,93,661,229,866,637
839,59,123,559,207,585,810,835,691,820,740,122,512,276,774,604,262,433,549,834,495,798,804,413,724,187,488
629,894,200,236,832,153,307,571,45,779,487,503,749,303,688,654,473,732,367,767,389,132,516,485,781,628,156,534
447,274,569,145,819,94,475,130,424,141,856,641,577,53,812,875,826,837,414,425,212,310,363,295,744,180,902,214,182
305,441,72,816,864,578,717,277,507,796,244,665,857,87,673,129,163,652,761,825,584,752,896,110,97,872,73,790,505,683
784,104,209,453,698,190,811,278,210,280,349,192,401,635,594,891,56,539,446,161,662,509,342,754,757,356,431,184,222,626,443
391,336,265,32,479,89,206,527,772,279,791,404,620,845,535,339,572,867,3,96,293,457,325,455,418,676,81,632,189,231,693,312
644,362,21,782,575,679,472,465,396,751,642,452,311,355,726,358,100,506,621,519,763,63,78,477,204,843,377,725,143,242,553,615,706
366,24,729,897,474,647,821,841,660,9,538,568,886,417,69,459,170,634,440,674,627,909,562,226,52,71,267,915,731,497,668,146,238,456
618,574,330,736,379,320,570,633,824,369,602,536,426,323,432,46,900,789,670,340,77,54,0,522,560,636,623,501,684,235,715,758,211,750,290
328,555,836,664,51,511,742,840,860,240,471,546,833,650,445,58,707,224,462,787,137,282,607,874,8,119,655,421,260,409,234,537,611,678
351,879,531,735,10,70,667,121,454,253,133,332,43,847,74,800,483,314,780,140,544,298,603,39,435,345,630,172,350,60,230,868,645
842,114,213,786,529,194,41,622,315,785,469,116,467,766,405,439,903,372,437,381,191,870,468,490,486,248,416,352,232,120,617,705
371,854,373,131,215,704,374,188,484,208,770,422,552,593,380,399,411,890,354,384,625,734,160,865,859,756,407,400,88,703,64
718,241,185,154,504,14,247,831,284,567,583,888,393,765,287,300,542,107,322,216,681,125,491,851,714,592,285,883,631,892
186,695,614,463,482,364,587,67,643,370,245,38,769,383,795,733,694,906,205,263,461,778,554,65,442,528,489,257,261
37,817,589,101,548,403,30,395,360,901,5,335,464,838,827,252,175,333,201,728,11,814,524,86,150,92,606,775
595,275,590,50,33,341,745,605,844,656,737,448,237,162,115,510,480,616,682,458,327,12,343,466,708,199,863
657,80,108,438,302,852,31,470,91,90,306,565,102,685,877,128,62,40,181,586,202,797,871,716,382,402
830,16,613,861,18,543,672,270,808,47,905,197,126,164,292,136,451,658,281,659,318,17,640,169,283
809,788,759,802,304,612,692,225,61,415,1,406,316,76,359,803,83,376,792,117,525,566,598,173
7,255,118,741,135,848,806,496,822,268,624,319,573,19,13,26,29,203,680,286,149,49,167
219,246,596,829,753,410,99,526,478,2,42,520,142,25,55,179,646,904,220,266,523,66
35,709,747,148,15,106,297,502,28,436,251,702,105,444,82,884,850,375,368,563,6
48,677,855,317,139,720,301,515,198,361,853,386,337,419,177,508,558,79,390,27
134,291,551,899,196,165,533,428,610,294,288,334,460,521,600,430,271,138,412
777,195,365,378,256,599,183,326,581,914,793,557,249,347,699,127,722,152

19
209,873,671,830,517,339,524,645,66,496,771,3,378,147,979,234,693,1001,220
451,864,193,397,376,584,852,908,649,581,211,576,291,938,436,359,585,885,244,663
754,271,854,988,837,12,504,630,428,357,288,921,989,950,974,181,866,325,613,424,455
937,668,570,180,560,315,409,689,731,284,822,513,718,311,99,909,640,502,992,709,687,781
882,491,832,582,990,28,326,354,642,22,55,497,175,494,235,342,712,490,528,322,727,957,185
404,736,438,197,114,462,777,954,970,240,14,919,347,1005,361,833,47,606,980,116,511,486,143,538
126,515,815,453,529,41,522,170,132,760,794,408,487,673,9,433,768,247,660,583,230,275,677,388,276
475,254,858,393,982,446,144,588,505,395,635,353,692,82,540,1013,552,1,296,897,401,564,212,440,493,899
10,40,976,329,221,386,1018,443,999,387,419,441,935,44,878,1015,981,691,49,330,575,931,927,372,444,971,672
171,792,484,222,940,152,701,756,797,345,595,683,834,32,350,410,1016,994,155,425,1023,405,734,922,738,149,92,301
696,599,226,57,416,203,156,52,930,602,657,600,557,769,674,399,91,766,323,846,918,306,1025,608,381,652,321,534,871
965,681,704,699,449,161,355,985,929,904,1020,809,574,542,60,730,641,958,946,609,924,215,159,509,70,142,740,178,316,826
698,452,759,295,314,458,604,257,407,1007,377,35,807,166,333,812,413,432,136,535,1006,977,934,825,776,249,213,437,198,719,644
960,680,686,605,596,21,651,901,56,874,566,130,856,109,140,616,300,594,102,133,545,282,569,217,685,141,676,765,867,772,578,480
968,194,888,73,707,33,963,883,184,844,281,39,745,294,8,973,23,303,86,790,936,302,744,84,956,546,849,1019,859,200,633,978,77
137,153,375,933,661,945,947,468,360,108,966,857,648,1017,814,568,773,473,855,743,45,1021,163,414,328,784,839,536,573,995,903,880,369,629
961,307,722,117,713,627,747,703,737,390,362,782,942,382,164,471,148,948,905,619,827,810,925,614,179,793,96,626,344,917,69,752,967,75,317
204,914,461,469,593,309,5,262,603,61,146,891,239,65,987,186,520,539,636,1002,128,763,365,1011,762,969,953,955,715,160,467,24,216,836,460,550
448,791,85,158,169,711,840,865,944,43,1008,101,506,31,286,379,838,427,615,1024,79,366,481,554,165,805,1026,949,324,38,655,370,895,105,231,364,910
986,50,653,384,868,173,287,238,741,813,811,492,684,127,210,749,0,272,119,753,991,206,851,972,466,15,229,351,682,646,134,195,732,764,746,621
196,804,253,801,537,214,421,761,525,29,187,129,920,610,675,751,98,716,71,547,842,499,430,337,590,278,470,269,702,478,115,829,650,48,530
997,586,714,879,665,748,118,157,787,587,318,1004,959,577,255,875,824,774,218,770,476,54,500,548,521,848,806,308,389,710,202,418,915,6
227,107,617,482,400,483,700,561,853,385,802,622,508,472,678,563,396,913,139,334,788,706,789,725,735,618,246,310,2,820,236,331,63
821,993,896,893,456,881,863,551,519,964,666,392,100,110,94,869,76,341,876,850,112,607,998,758,932,580,463,975,556,662,138,786
591,277,818,489,553,46,799,90,638,58,352,177,19,697,733,434,205,477,1003,283,167,796,892,42,612,887,51,417,17,435,426
447,183,984,755,243,637,941,290,383,690,669,336,558,620,261,16,739,928,952,245,289,598,74,189,188,800,823,803,724,817
717,808,320,251,343,1000,219,872,258,592,632,26,518,154,512,293,780,647,367,299,121,562,659,720,589,983,208,25,280
53,628,785,894,263,890,962,111,319,123,572,798,549,398,527,526,900,356,20,125,391,233,729,120,939,664,241,358
199,694,380,555,601,498,1014,89,533,474,450,162,135,145,292,305,348,298,237,429,81,543,88,532,124,59,667
611,624,845,274,485,256,422,150,843,313,631,264,841,757,131,877,285,267,847,728,835,459,516,750,911,783
95,523,106,643,767,565,174,78,431,439,151,923,541,113,423,723,420,884,705,104,1012,228,34,192,779
273,654,488,708,4,373,250,860,176,898,1009,819,597,742,454,340,279,402,828,363,495,503,36,268
201,514,623,544,87,625,242,371,688,403,191,224,721,80,775,346,172,479,501,223,332,510,7
368,260,907,886,338,93,270,889,912,415,465,97,168,83,634,559,571,122,72,464,658,67
916,412,259,411,394,951,252,37,926,232,1022,312,327,64,68,445,695,1010,442,656,639
870,18,30,507,861,304,457,13,906,902,62,265,11,862,349,726,816,795,297,248
190,567,778,27,374,182,225,266,943,831,335,670,406,996,207,103,531,679,579

20
606,596,377,270,729,687,536,813,1065,914,116,374,996,731,137,213,676,318,1011,231
799,603,833,973,466,560,794,1138,712,434,498,733,529,47,1106,242,879,568,745,912,946
1100,1135,391,516,691,486,437,853,1140,783,322,565,761,806,774,902,470,663,684,307,917,770
908,1112,457,500,898,1022,768,740,96,349,314,43,289,945,121,1056,751,353,639,553,1,365,189
148,212,49,1041,840,697,155,19,716,1006,1110,1114,424,548,518,903,1137,797,756,635,841,827,1075,526
791,418,306,504,597,355,357,346,320,822,67,319,1057,1058,275,754,923,335,1042,386,746,545,264,1037,554
767,659,894,225,290,859,897,1033,579,150,650,1085,588,669,93,451,439,164,830,158,532,103,843,123,534,544
315,763,550,916,715,551,947,184,653,784,1139,866,906,820,436,875,798,237,931,20,1082,959,851,872,828,64,247
508,201,2,313,26,598,723,528,464,207,1055,1119,829,997,699,366,514,179,180,59,543,823,1111,986,862,1008,182,521
648,839,601,711,370,1002,874,522,962,1091,446,1127,572,1088,185,1081,243,936,350,241,119,1062,8,631,523,50,30,279,561
478,735,988,263,1004,807,814,815,858,442,657,195,352,220,517,964,948,146,623,679,426,299,423,367,666,416,835,463,186,681
127,793,1113,1070,570,27,581,593,577,1030,433,625,950,341,571,732,884,294,165,1023,918,428,800,90,717,769,245,760,977,709,1010
646,939,57,505,326,790,340,253,1001,578,686,345,888,968,467,849,963,190,656,563,893,271,477,942,1109,802,512,852,956,24,673,905
821,62,169,419,741,1122,750,937,991,837,394,785,465,883,701,1036,145,6,249,395,362,652,215,1090,92,54,382,485,533,940,870,795,546
471,344,86,75,228,664,672,720,993,348,334,303,1039,637,705,757,497,925,375,312,11,693,285,1084,713,91,816,747,448,257,196,224,848,360
975,719,1094,609,527,211,1117,1045,152,1034,671,219,292,638,407,633,1078,771,1121,330,655,168,506,958,782,591,358,347,1104,286,297,1079,765,864,805
612,115,595,490,602,218,338,617,929,1046,803,952,1040,410,825,1066,1013,734,995,9,640,976,495,873,106,111,1009,39,431,724,1015,513,136,113,176,575
714,658,1061,651,1096,878,703,1012,891,630,1049,773,117,718,812,251,1124,721,725,922,704,818,926,645,83,100,1087,930,967,281,296,204,124,860,230,762,32
388,484,935,255,928,781,844,1093,368,149,966,1003,1053,141,1129,624,1021,217,483,1048,552,181,748,605,895,531,792,599,562,95,202,1059,1103,445,566,540,984,429
69,1073,63,256,1130,438,422,0,174,1095,1026,331,461,31,425,172,567,564,700,200,376,356,677,943,301,1083,520,569,383,412,291,538,488,479,81,246,668,261,420
1017,206,188,972,759,329,402,337,163,25,363,537,616,728,776,1025,104,167,957,558,880,556,482,641,129,452,128,267,1031,12,94,1018,985,854,1067,907,351,3
401,1077,1047,183,698,399,780,838,541,343,324,667,427,730,998,61,892,1028,921,1076,850,1099,276,199,268,379,1123,321,524,737,298,980,1060,755,70,178,134
834,1052,398,685,342,435,722,99,130,305,456,877,440,690,777,811,981,982,65,1107,87,159,620,458,85,476,175,1086,354,403,934,682,460,282,1063,222
274,688,135,226,53,511,221,4,726,674,983,339,441,132,933,831,974,549,449,876,1097,235,262,573,34,1131,496,107,678,707,73,147,632,153,58
1020,288,796,955,587,772,161,336,629,110,194,468,585,372,889,634,51,696,619,990,162,869,142,867,396,481,323,836,300,610,1089,450,244,373
510,778,924,238,885,417,969,1118,489,266,21,832,809,604,1115,254,140,752,788,7,890,535,865,787,22,1068,413,542,5,607,139,927,68
122,824,309,227,503,409,1014,961,507,494,114,1064,154,702,197,881,695,842,384,317,177,626,1007,1105,613,1125,882,1120,223,316,706,311
359,519,109,280,491,287,1016,88,447,592,1000,1092,209,786,41,455,332,1051,89,627,665,999,1024,126,819,501,539,44,210,919,45
615,33,1133,472,938,459,826,131,582,15,400,236,547,475,1074,272,574,753,954,77,932,28,82,1126,727,845,71,744,406,191
611,801,899,559,683,614,23,35,173,857,739,949,80,1029,469,960,978,56,408,987,847,515,555,621,1132,1050,502,444,278
1035,590,661,886,951,941,989,171,1054,911,710,60,198,1072,97,971,380,694,37,1043,260,742,904,284,557,1134,250,493
1098,397,327,240,101,817,187,856,861,900,40,29,749,269,13,389,473,525,689,1027,643,310,392,1080,1019,1069,944
79,42,17,979,52,789,390,404,277,647,636,1136,692,810,138,108,415,994,970,160,381,293,649,405,361,453
1005,84,474,72,913,1101,102,385,421,74,1038,208,112,265,654,915,157,530,170,499,775,992,38,214,443
229,642,901,920,804,259,628,308,675,414,618,662,14,846,203,273,1044,644,580,16,454,608,589,766
325,600,660,125,808,248,855,46,166,304,66,233,492,736,144,98,371,295,743,387,143,1102,670
55,586,252,1071,283,258,871,232,583,708,76,18,10,480,779,378,965,680,216,193,118,430
487,48,764,234,369,393,411,151,584,594,953,239,758,120,1108,910,887,133,509,328,333
78,432,156,105,205,192,909,302,622,462,1032,1128,36,364,868,1116,896,738,863,576

21
642,855,582,629,1206,1067,704,1226,725,993,148,1053,719,140,828,810,1180,1005,346,563,1113
1125,686,177,132,164,593,96,282,1017,614,1006,998,1002,868,536,482,608,423,550,560,928,603
247,269,899,774,751,862,176,110,1063,640,390,1105,832,1122,1096,688,595,124,399,26,393,513,515
616,193,878,194,46,726,1059,455,9,644,130,222,290,42,16,613,231,1203,480,433,610,936,447,1249
1187,957,1072,187,667,674,226,420,526,503,52,1093,627,952,1250,517,166,530,1166,1000,555,252,357,416,123
347,28,824,225,195,947,1092,354,224,378,257,858,960,754,47,615,1079,745,458,243,150,1220,1007,1214,1213,1188
588,1089,739,1243,794,280,139,412,188,831,1255,341,409,1169,795,901,1116,351,516,10,668,1019,1044,669,502,912,765
1095,1132,785,83,528,678,684,276,121,973,1075,702,1142,741,1134,501,953,696,742,1194,111,381,294,1094,1052,402,178,734
35,1001,350,966,780,1119,1050,1136,982,66,600,1018,1131,816,994,1071,939,923,1046,472,1202,827,956,1120,141,1198,1133,1104,874
359,1181,689,597,1041,20,826,1084,324,698,834,234,271,368,1049,38,733,1234,871,941,729,5,969,929,371,183,1074,389,847,544
535,1225,740,1040,894,558,1068,1022,63,483,98,1150,620,1062,1025,1252,646,108,1217,233,1117,799,879,316,1014,1029,1124,1152,730,254,465
82,846,690,450,414,101,1009,510,1085,267,1176,714,801,307,1174,970,448,935,779,609,930,1090,51,86,309,712,457,637,639,208,230,114
155,984,463,61,380,460,586,938,1256,798,223,56,519,521,1081,4,561,1091,370,1073,1242,559,6,658,1251,1193,17,179,484,845,138,505,1215
1224,145,161,967,1192,1157,1183,978,1111,958,13,172,1210,1254,995,706,790,626,65,285,750,1010,1229,1051,691,800,204,1240,430,69,782,786,577,583
398,971,77,449,896,904,1164,1167,1056,191,106,435,670,529,959,565,1207,1227,19,1223,446,131,212,880,1065,1115,1031,540,697,189,671,1045,363,1110,424
788,284,443,329,281,196,575,1189,1076,624,566,556,511,405,571,88,882,1172,937,1060,835,456,715,1186,913,809,820,977,1182,260,573,768,756,776,814,974
803,500,666,1083,905,865,761,79,1032,979,853,415,585,442,1177,652,1057,1101,1108,1098,1069,1232,355,919,486,1233,681,241,429,812,22,851,514,1231,1012,78,1237
238,1070,1199,721,1230,836,551,533,311,427,325,1228,1175,933,1160,1218,621,118,557,159,349,870,1258,1153,914,1097,1241,1219,235,1209,337,387,641,1140,841,263,496,438
338,705,95,860,900,772,693,1191,612,1078,1238,49,747,199,1201,478,218,340,817,360,262,581,1171,867,60,1003,33,815,1179,142,216,146,898,710,889,1135,119,43,1037
488,524,945,590,1216,895,206,553,1036,304,1023,384,758,242,310,34,335,392,787,1013,876,162,198,903,1190,185,863,372,479,552,676,373,27,395,1204,607,419,1103,887,197
374,352,232,135,466,1107,988,628,275,12,849,989,934,527,804,211,964,983,299,594,0,1008,87,153,1026,492,902,1159,353,735,273,1168,701,474,755,103,328,962,477,375,738
643,1082,542,481,926,598,461,489,950,875,569,884,306,531,972,943,1184,886,376,48,296,802,126,163,453,931,662,647,538,932,36,287,918,439,731,379,523,657,584,850
587,1114,570,485,992,81,1195,2,1200,21,946,653,431,1128,1123,883,748,300,493,685,313,692,767,518,922,1139,68,143,59,1235,1259,1055,117,31,473,857,1021,274,312
1221,291,441,157,1,881,807,407,665,708,73,1155,1100,605,1043,601,30,996,728,1246,687,917,1112,753,288,327,822,1039,545,1146,660,508,744,599,1109,737,258,385
205,999,464,217,490,1033,15,1024,622,537,1205,736,784,200,781,116,789,115,732,348,927,944,320,256,1130,743,506,272,1077,391,377,292,1102,345,1016,129,219
1015,769,134,408,504,154,1004,1185,630,237,105,54,326,921,64,673,940,848,592,388,578,434,617,158,808,29,568,968,356,1239,174,1106,24,167,452,866
253,843,301,604,175,683,713,1257,722,432,675,255,94,364,323,165,1099,619,1208,330,1245,1154,92,467,778,623,3,811,469,382,332,825,499,888,268
428,279,1087,58,97,266,856,459,259,383,840,602,149,244,70,367,579,84,997,295,227,207,509,844,757,813,797,792,410,839,404,752,1197,680
638,718,679,168,425,55,190,365,1086,422,821,136,893,45,564,220,1141,397,716,1244,596,724,476,1148,711,942,759,1127,358,209,144,454,67
990,791,39,104,322,591,1145,277,951,366,344,963,507,749,700,842,436,470,1011,775,137,14,661,546,664,763,173,897,955,202,85,991
659,633,949,925,543,892,462,147,417,635,908,40,793,25,1020,916,574,695,182,548,562,1143,547,437,1147,125,746,1129,682,71,1222
201,491,1149,920,156,861,1163,1066,764,1248,112,655,1088,270,494,699,805,426,948,160,91,1047,717,1173,250,133,334,152,1196,694
386,1236,634,1048,445,406,1137,396,650,762,180,1165,278,305,57,240,497,512,549,75,468,520,1158,41,539,184,249,321,336
877,631,924,554,23,401,314,1144,771,859,1151,760,214,318,818,403,981,1138,289,107,1178,1156,471,343,777,1211,987,1121
369,727,331,985,261,248,221,854,907,53,572,333,649,1042,1118,303,576,80,709,532,286,319,394,186,525,317,1064
1054,645,1030,838,648,1212,1061,413,308,362,625,766,672,418,245,203,264,1161,487,181,498,618,1162,127,890,128
8,783,32,169,852,122,873,770,50,192,120,723,541,636,589,495,910,833,400,62,113,885,213,283,229
251,444,829,246,980,651,228,1170,72,440,44,361,567,171,522,170,90,298,906,76,74,1058,18,911
210,1253,315,1027,102,864,1034,421,720,1247,823,606,151,11,654,1035,909,99,819,677,954,580,915
93,986,534,976,703,707,1028,475,302,89,1080,109,611,451,975,297,891,339,632,961,215,965
773,869,239,872,1260,796,236,342,830,293,837,663,411,1038,656,265,37,1126,100,7,806

22
544,1386,168,875,1110,631,237,800,1351,1089,1206,1100,799,937,1185,1083,60,25,134,679,271,594
741,711,1253,906,884,897,655,1257,1147,848,696,487,1365,564,936,132,838,816,539,59,867,1057,1151
251,462,738,812,1283,1295,30,1164,659,1136,1317,1067,924,632,1043,346,998,885,999,1359,252,1115,122,956
990,1223,823,77,792,1312,409,1202,369,830,1294,323,495,975,1333,682,793,565,972,494,618,1310,249,1162,1329
505,1178,699,5,1048,1044,607,1216,447,926,1040,405,1285,931,628,400,88,1352,1195,28,1305,432,401,1336,1252,302
446,1129,750,196,186,1079,948,1343,175,1334,1105,732,276,719,90,1239,642,482,1354,1197,977,1272,1267,909,1157,954,358
435,457,725,532,500,479,1347,1246,83,788,218,1358,888,1217,1125,623,145,216,569,333,913,501,1349,727,471,877,829,675
772,95,971,1229,199,1184,383,144,580,1269,395,946,1366,766,48,368,933,490,1114,596,1374,1052,903,612,1357,869,1262,1149,581
1049,716,1011,1109,1090,1255,312,222,626,129,449,932,852,63,907,661,42,857,651,919,492,1350,404,614,1007,1375,1265,1086,849,455
1056,718,1203,1344,991,717,206,1055,228,665,265,452,1273,1099,421,1251,367,1047,657,1361,65,780,1005,1325,32,519,468,536,516,1256,814
745,527,362,399,376,1075,778,342,2,1146,318,325,1193,1327,647,451,595,1318,899,194,257,806,1224,191,440,1237,1132,1060,574,927,374,963
617,942,644,945,1288,918,944,1219,912,808,34,92,951,126,112,245,311,1289,485,1150,58,341,117,1173,1241,964,552,592,1380,115,756,354,327
987,1187,256,678,223,993,1130,1183,758,1082,1059,1296,202,690,811,365,84,338,1340,497,1225,1192,566,969,465,1045,597,1131,1020,981,771,54,542,1093
21,658,103,193,57,514,357,694,1320,234,715,161,846,997,1003,601,15,721,1179,578,1367,1137,1244,200,295,131,433,416,4,533,1301,209,499,231,484
839,420,1233,243,1168,1356,526,1263,244,328,417,1098,221,475,1144,1330,379,167,439,1148,504,372,1153,1119,890,96,735,155,1033,1207,340,1133,1316,1270,1027,239
51,958,1373,313,1211,1076,620,203,563,453,567,1174,765,1008,298,1364,555,691,752,521,724,879,1121,1081,393,360,491,407,1259,604,775,671,896,1036,955,1204,895
1268,1371,130,1101,93,1012,1348,622,1276,864,731,548,426,543,557,296,310,925,1209,415,397,201,698,153,1326,1307,464,1338,236,520,1061,708,819,904,996,125,339,636
9,266,299,262,769,629,419,1369,786,1284,625,466,1328,1160,1353,436,1112,624,1074,1212,706,215,967,900,444,1199,712,1062,510,19,52,757,1080,332,349,1258,226,1169,1238
1271,7,1163,211,260,795,124,858,807,1382,45,572,157,1096,69,87,1154,1065,268,151,1077,334,1297,1152,1322,139,1291,85,1091,1381,676,380,743,669,207,1145,1000,269,950,908
863,827,872,136,220,540,1013,282,652,637,703,1029,101,747,600,1221,1378,952,100,1370,205,422,768,247,166,1331,571,1228,1170,267,968,513,366,1128,883,938,1175,336,305,512,550
355,1230,62,1004,1034,120,1337,1066,797,173,616,403,1041,1031,189,473,1385,503,8,1309,197,992,118,98,1290,1176,148,22,1073,458,1242,1266,704,845,949,961,1002,988,554,319,1,277
886,286,79,1293,315,920,986,353,941,697,111,966,273,1181,880,187,326,1264,646,1042,1053,1191,973,478,427,43,456,982,1001,208,599,1123,723,1286,1172,164,994,1117,1107,493,934,347,835
263,1275,1208,280,1006,1303,176,66,1247,611,181,18,585,525,229,78,511,1069,486,729,264,687,441,1308,894,414,1218,887,1198,55,1346,180,195,213,820,1054,74,254,980,589,496,1158
663,575,381,373,359,809,143,102,1009,686,728,796,384,739,746,547,818,943,859,1250,91,1171,16,1323,476,821,681,889,412,398,730,531,108,460,169,1360,1314,767,1116,528,214
577,386,1210,842,648,1180,119,551,370,459,35,385,454,1226,1019,110,736,394,343,1287,1190,1142,856,44,75,760,833,1274,523,481,1021,1300,1339,469,680,1058,740,141,1379,170
610,363,29,1177,953,1016,1315,411,1143,989,278,320,970,901,509,350,377,1292,361,1235,824,321,762,923,1355,751,1161,423,301,472,270,344,627,190,424,1025,959,502,1222
1127,559,188,1384,609,985,546,584,26,467,905,1231,138,1097,348,802,922,633,634,127,847,183,64,537,40,700,160,1249,250,702,995,761,171,733,308,279,80,1261
871,463,146,1032,288,672,1298,1024,387,635,300,979,841,891,1050,1313,1014,33,791,688,593,831,850,410,1155,174,480,825,285,232,474,1106,227,1118,1205,568,1278
576,1108,587,1186,705,1220,534,570,1165,590,781,483,773,1377,1051,331,1311,701,940,192,545,1156,238,281,685,233,1245,782,53,1227,1039,241,965,755,865,17
737,109,89,99,291,674,974,154,817,235,438,316,429,388,1363,210,673,158,1282,649,0,639,1189,1236,47,613,653,428,72,776,1046,402,142,104,230
1341,1279,538,1166,774,787,489,535,837,713,714,382,391,1141,306,1139,962,670,253,56,603,335,641,861,873,304,378,828,11,813,560,182,1280,843
431,763,660,742,866,1324,14,541,645,722,935,149,734,418,801,524,67,12,389,1092,892,960,854,650,1022,1095,272,1213,364,804,128,915,1122
834,656,324,1376,275,1214,1087,1038,518,853,292,529,1068,68,508,76,137,337,794,314,840,874,1030,121,1188,709,882,643,50,217,898,159
488,39,434,667,297,375,608,777,162,49,246,345,591,274,1120,683,749,1017,147,605,881,1299,744,684,939,408,38,1194,826,1234,70
689,1182,1104,748,868,983,150,240,36,1018,870,46,204,914,726,1135,219,805,71,810,779,152,664,1085,638,1015,588,437,621,113
177,668,225,82,976,573,785,893,851,619,1102,753,425,198,662,692,957,184,430,929,133,185,37,303,1372,798,1345,6,242
1232,224,553,73,1063,413,94,1260,461,289,1335,1254,921,284,790,860,1094,862,1321,107,1240,530,317,1071,695,351,1124,759
978,1111,615,1201,549,558,1383,1103,1113,20,1078,396,1319,390,1140,1037,443,259,179,606,916,917,261,930,822,163,86
710,770,165,1215,1277,106,371,178,1332,135,1035,784,947,677,1304,1138,630,911,294,556,322,97,1281,23,855,1072
283,255,1167,654,902,448,309,876,517,156,507,579,1362,754,640,832,666,307,1028,330,1026,287,116,1342,450
815,293,1368,329,720,764,258,1196,1243,1126,522,602,81,803,1023,1248,1010,114,878,290,1159,123,1070,598
1084,1200,212,41,13,498,693,583,984,1306,10,445,172,582,586,707,352,140,928,470,477,844,406
3,392,1064,1302,105,783,61,1088,562,24,356,31,789,442,1134,515,910,506,836,248,561,27

23
83,1396,1203,968,280,1329,407,946,762,488,1416,38,1089,341,1166,1438,993,1003,1154,1142,368,1388,13
916,1326,590,1398,665,1355,1201,1448,1301,497,1361,765,1223,1474,658,1404,996,768,1254,1363,742,165,285,1205
299,549,1001,1066,1095,329,611,1048,1506,112,1199,442,185,661,774,213,928,1073,1085,34,25,361,331,912,53
471,1408,1498,1123,527,201,426,537,1256,1465,1429,328,1083,358,581,1502,423,1516,179,32,766,1077,596,466,1358,1168
911,118,191,186,390,1170,632,737,1280,1084,978,438,1263,624,606,237,942,1275,355,564,480,1403,985,302,1164,436,885
54,1300,700,1414,1124,153,1325,242,630,178,1392,667,989,159,1028,1476,478,884,1136,1449,68,1437,437,613,1145,235,1000,1432
533,798,1169,1204,1436,1195,262,452,578,1483,1061,1050,598,933,610,706,1461,396,535,1276,1286,1368,81,1063,663,750,1346,805,594
500,367,382,86,1045,1464,1186,1399,620,990,45,1120,1435,92,629,492,1158,635,647,975,1072,1425,395,1460,1149,320,558,1155,212,1374
1222,1306,1103,1163,688,43,422,143,1370,1451,1225,741,404,591,514,0,1221,710,544,792,1342,559,563,1287,1211,1282,1395,769,1157,883,1478
1340,1235,1043,1266,1364,580,612,1279,339,1148,1288,1018,683,1405,1295,167,215,1360,802,902,1277,965,114,1412,1308,1013,1065,1407,1098,1105,676,1418
894,532,333,1518,1366,714,1312,524,1019,726,1337,487,717,127,453,1343,1237,486,1372,1071,238,601,444,1336,660,1309,887,1011,711,1472,474,1016,970
1236,1469,854,931,1496,352,1466,779,1327,592,1101,874,403,1252,903,1161,585,1141,1069,600,1130,934,1264,969,307,449,1153,1247,1173,76,1177,1410,1470,1079
501,79,172,643,1298,1075,752,882,231,823,1067,1383,1175,781,164,247,923,1055,677,567,659,481,1271,622,924,1233,1320,350,410,1207,515,838,417,962,1324
496,937,141,1126,1331,1227,735,1029,406,855,1190,789,2,1373,196,904,672,347,430,48,809,222,289,23,609,1281,1434,518,151,1313,853,1431,66,1382,690,1377
1357,756,1255,508,50,152,70,1500,720,899,265,758,893,1008,1243,1285,451,696,949,87,972,872,1444,1128,124,506,1174,1143,569,1224,1191,502,319,1059,1348,1323,685
1127,15,974,1172,915,257,938,305,49,288,1439,1430,905,873,1162,420,573,1517,1379,849,441,832,718,641,139,414,1197,826,870,283,1184,571,1259,1427,1452,540,3,1106
734,1333,1501,450,767,1007,147,470,597,1371,1484,1049,504,148,200,1417,336,963,715,1206,356,1187,1030,392,708,1490,8,1510,103,1044,1138,1310,539,818,145,1212,174,986,625
964,1297,1386,778,434,1107,55,170,322,258,698,207,1268,804,1229,599,149,216,291,125,1409,1415,499,929,819,1422,520,521,1445,694,1353,644,1475,166,1499,286,770,306,961,428
1160,1503,1446,636,372,1335,519,16,1209,1380,545,777,24,863,1104,1421,1283,531,1027,239,1411,277,375,353,707,1129,1086,1253,550,1193,859,1180,697,62,1109,994,829,204,939,1090,834
851,862,1053,253,948,1397,1322,384,867,279,507,699,308,89,1304,839,1140,634,1025,730,80,284,468,1151,844,327,1504,528,293,1014,427,992,910,988,1487,1058,1260,173,261,967,424,190
484,122,927,1114,954,810,246,1002,547,740,813,651,722,175,801,725,1099,267,381,1339,227,1376,1023,342,135,490,460,1135,783,889,1311,388,431,348,871,1514,1118,296,360,309,1307,405,1185
259,764,321,1480,105,940,846,107,738,1239,784,582,1216,154,1413,489,1026,123,886,617,604,1454,788,211,1319,134,935,509,895,919,36,30,408,1495,618,579,906,775,822,276,1220,743,1453,836
317,109,401,681,1156,890,1362,1367,93,817,1424,772,847,856,1507,553,281,947,1354,415,325,461,1284,973,845,812,861,908,232,400,447,1497,244,126,300,1052,1213,357,552,920,921,226,843,314,10
1035,1042,827,57,233,753,462,1385,318,1005,82,1032,1479,776,363,1078,897,1274,1351,932,1020,96,169,541,337,370,755,682,603,1036,115,628,516,607,47,614,1245,584,1144,881,402,850,206,7
440,199,221,1387,684,1210,983,998,800,1230,271,90,182,366,721,1024,1010,245,177,456,297,102,448,1022,1262,1356,687,208,324,275,1450,790,1456,712,880,1182,371,1091,671,373,925,63,1426
5,1419,137,944,260,464,864,1303,1384,343,264,1485,866,163,980,649,1006,719,1349,419,746,1491,680,287,747,248,987,1463,971,184,1198,1352,180,255,995,930,1167,129,14,1015,749,1100
811,156,814,943,41,1068,110,512,351,732,646,1192,326,1292,162,523,37,1137,1393,121,155,907,835,219,586,387,1125,1110,71,1218,223,1194,146,458,310,1250,825,128,1334,692,188
1473,560,1494,785,273,583,529,1147,1347,58,900,833,546,27,349,91,1244,534,397,657,1462,220,1509,4,131,858,193,1134,1378,1512,1214,311,256,1489,116,791,1056,472,228,1402
530,542,1122,1390,991,633,1273,120,465,1131,1171,821,433,695,837,936,117,217,251,383,411,1467,1040,1200,751,362,1076,19,1074,1511,365,1178,1261,416,1208,860,577,56,917
72,60,354,429,879,1375,295,669,1046,270,1033,1092,1215,12,1080,315,1482,1338,754,1341,650,229,771,1132,857,1447,412,815,799,806,724,1477,493,1231,702,1278,1116,739
1183,525,1133,615,1400,1296,953,304,1291,1270,298,214,323,803,42,554,1381,1317,1468,589,74,587,664,491,716,59,1226,794,922,556,157,95,914,1459,1031,517,748
1328,976,848,566,1365,1486,526,195,20,389,1294,652,1345,379,1455,101,1423,666,662,626,981,210,807,1064,956,202,1257,1242,498,1094,1159,1062,901,65,958,977
11,638,793,952,1037,876,570,713,619,1332,979,274,278,1041,345,543,1428,467,654,385,475,344,100,1471,203,831,513,269,69,1433,108,495,841,1217,9
852,1350,142,816,98,1152,960,704,133,106,1488,432,413,761,705,485,192,73,557,824,621,595,1181,869,332,1150,469,303,797,1093,1443,1139,282,744
865,1249,1097,443,374,505,757,334,94,61,820,828,494,1047,955,878,457,736,898,272,1102,913,476,892,455,340,551,645,46,1492,473,670,75
1108,359,593,40,104,161,1082,1189,941,335,84,1269,984,1176,1302,1440,1202,234,1389,572,28,160,891,656,1004,376,29,627,877,290,1238,6
918,439,562,950,760,575,555,205,639,243,1315,1165,1481,1115,909,240,727,1057,1248,1406,1289,997,693,733,393,808,445,1293,1318,189,386
171,1508,729,394,1234,1515,631,194,263,1369,926,674,113,1021,678,187,140,198,780,209,538,51,1081,731,795,338,888,522,787,842
176,561,1246,640,723,1251,605,945,218,1146,588,728,759,312,840,959,224,252,409,642,377,64,21,421,44,1493,796,709,1087
22,398,868,1009,18,745,1391,482,301,1117,1054,574,52,1119,346,33,88,241,364,132,144,85,316,1111,608,673,150,479
1034,675,435,119,1442,1321,1258,1060,463,249,181,999,1401,1112,782,446,254,1096,459,454,380,568,138,67,39,648,168
655,483,896,763,477,1457,1228,294,130,1113,1121,78,1012,1179,1241,378,576,668,703,701,691,1188,511,773,1038,548
1441,679,1039,966,1219,266,875,1070,391,1505,26,1394,136,1265,1,637,1017,957,686,616,653,1232,1316,1196,35
786,1299,197,418,1290,1305,565,602,982,158,1051,250,1240,623,230,99,830,225,689,1267,236,425,1420,268
1359,951,1088,1513,1344,313,1272,292,77,17,31,1330,503,1458,183,510,536,399,1314,97,369,330,111

24
1510,1140,1588,270,441,116,267,912,1099,355,228,1389,231,1102,1503,307,1189,1264,433,44,700,109,1087,567
1448,717,1324,1304,306,1472,1222,1424,1286,696,176,642,398,1471,1621,1499,201,756,786,1406,853,1119,424,255,686
1628,1192,1464,416,314,608,1455,1086,1036,473,89,889,1573,561,1128,843,1018,781,1046,197,904,688,1283,1336,1148,569
1127,676,1146,794,1329,1157,1149,1030,467,1266,34,300,1322,183,1462,1361,1205,1344,999,640,1163,836,379,748,846,564,1213
669,1037,814,1312,1643,1002,16,1415,1237,847,1067,1505,1217,659,1356,976,1652,279,837,1295,896,901,1327,573,594,998,1251,1224
1577,1426,1385,1179,1466,1582,459,1139,378,1117,28,1040,928,429,1496,895,1479,943,903,680,318,292,450,453,1017,513,1355,808,1560
1532,1656,849,40,1391,1467,905,102,1371,39,99,1174,1309,1555,1240,1568,443,360,222,1039,531,1653,1289,1208,599,547,1483,425,1370,839
185,825,1269,77,1592,1058,6,349,703,171,218,1206,706,1178,993,793,1574,887,643,155,711,827,965,990,582,1319,1214,243,1634,380,118
23,136,460,736,1230,193,124,461,978,626,1368,964,296,1557,1442,1196,1527,925,1375,1596,512,17,1513,1331,1429,1048,1397,1243,1008,713,1540,607
631,577,110,1377,1544,1597,1565,485,1381,251,1198,1558,690,1387,938,685,1586,1247,1009,1064,957,1427,968,507,522,1291,1031,98,741,184,1143,1033,456
1359,76,195,390,471,1536,277,1584,304,148,256,1437,1477,911,1337,106,828,1602,1021,747,1456,936,112,662,1563,649,80,463,474,554,668,517,630,1434
1606,672,765,1575,1265,1082,530,1257,932,1072,454,198,1274,1137,584,842,1052,117,356,655,466,633,981,1438,83,1221,1601,1435,1486,1155,1177,7,488,402,396
1218,1081,1216,1215,186,327,1402,970,897,1332,275,963,557,1156,290,1249,1053,1335,784,1599,1407,797,151,764,45,636,1446,435,1280,532,1298,1516,1302,1097,722,234
1604,1258,503,1239,1394,665,111,658,227,496,1090,394,1006,1378,600,1245,137,1049,64,204,1267,288,1651,1537,1035,1412,779,1252,1165,486,682,1362,738,873,1649,169,92
1069,1366,1321,1318,361,1263,563,458,1255,1256,865,264,422,539,1498,627,368,536,818,323,824,1522,70,1004,1126,258,704,1063,483,1529,482,138,1173,1545,789,262,457,1354
1461,1111,225,312,920,1475,1136,1384,445,1242,571,1,504,328,1170,1383,1118,1622,1050,872,2,852,1403,1026,1234,875,321,1398,951,1647,730,578,1284,1277,1047,133,1357,1073,593
544,242,848,1229,644,1190,834,1250,1339,158,1158,1549,755,744,807,1492,1372,1317,891,84,1268,667,172,470,192,1508,363,377,1144,310,635,966,1294,1311,487,1154,203,541,1345,1618
1326,58,974,365,1474,670,1169,1530,476,90,120,1164,878,1422,0,514,942,579,1632,33,1107,826,1094,1254,162,446,1452,792,47,568,605,1085,164,1564,49,490,933,351,67,1088,358
75,893,287,879,1610,1034,1554,967,66,742,8,1388,182,576,645,285,160,336,589,921,907,1396,159,199,375,1233,1172,1431,1041,113,1447,108,163,1271,1029,161,1150,1576,376,952,1640,373
892,1528,87,958,1297,1490,82,908,509,986,298,1307,1351,840,451,101,646,283,724,1494,1425,389,1235,1504,759,995,464,1194,996,423,245,1645,1585,657,743,1341,1299,1199,651,403,1443,1045,1445
859,1552,119,1507,1642,1161,278,233,1057,127,60,1262,154,1500,1620,1561,478,188,1121,1556,410,728,38,750,506,305,1147,766,720,1631,132,78,946,1184,235,139,400,592,767,1288,1133,46,1282,899
609,1572,1296,702,1027,370,1630,1497,1619,915,1261,719,953,51,969,947,427,529,623,1105,1644,415,1463,1076,348,625,1227,21,388,1408,1273,785,1580,1374,168,1323,417,1129,1550,528,14,746,1637,1103,289
590,1364,774,223,299,863,604,1181,1110,329,617,326,894,1614,439,930,1495,1484,1481,59,916,42,1060,301,244,497,941,610,35,253,739,1641,1515,1393,175,392,602,985,1428,434,639,684,315,308,1379,992
1420,1096,1590,1108,180,1444,673,752,983,910,1365,881,210,980,200,1091,679,1024,1281,369,984,787,1608,1220,374,1071,147,153,1248,215,1390,1316,1633,597,249,656,1120,1325,1534,338,601,1180,877,100,1533,343,480
1423,88,189,1340,890,1075,1186,505,691,1093,207,317,381,1056,1209,19,491,1219,805,831,265,1285,979,1509,1122,1635,900,1414,1182,1083,663,1562,170,1382,142,1612,810,430,972,96,1207,1114,61,1109,1453,580
648,1502,740,1068,25,1032,409,1524,923,494,1231,152,1301,407,1648,798,1330,698,1512,1548,1433,411,1457,977,1013,266,178,73,675,1159,1595,871,1625,1112,263,1451,760,1629,1518,1469,1373,809,1160,660,1600
697,654,103,444,24,472,583,1153,1441,735,1141,1603,1080,1541,587,1246,692,715,927,537,41,1138,477,803,1124,989,1238,733,1473,994,712,705,737,725,1152,628,79,107,982,324,452,1197,144,1315
259,1306,1476,121,1607,1650,53,194,1183,104,833,1151,749,177,678,1098,212,1646,302,1253,1292,97,1134,754,5,1014,758,1175,829,671,1432,565,991,462,595,347,757,611,511,1003,727,1000,85
206,219,57,337,838,917,1132,322,726,1638,841,282,408,12,1594,166,549,1349,888,1115,1654,799,614,1401,9,1525,732,135,634,622,812,1465,1025,830,701,898,1188,1166,1303,858,286,518
629,1187,1547,386,213,420,1617,481,603,545,56,130,1488,268,419,664,440,802,1439,406,426,1078,1167,362,1210,1523,612,867,588,618,562,1232,1211,1410,311,1202,546,860,214,340,382
1171,211,62,1010,1501,1028,500,1380,771,1176,37,1293,1459,43,926,421,1278,783,596,1531,866,944,674,1470,813,681,297,150,1571,1570,770,479,187,401,1015,949,469,1616,729,621
939,274,707,550,341,734,372,1125,821,1626,1142,1591,1001,134,72,586,723,1519,548,556,313,385,520,519,782,309,350,1360,620,413,1598,694,819,357,250,1521,81,209,816
432,393,345,1130,868,751,405,987,1491,1514,1487,940,876,30,36,332,714,1627,959,449,1589,1609,224,1450,74,521,284,800,1369,763,13,886,699,1193,777,15,1613,63
510,1392,465,718,806,516,412,331,10,919,1287,918,616,1007,1409,95,864,508,1593,22,126,325,745,1276,606,1077,1386,945,1272,493,934,551,27,320,851,221,845
1430,1290,260,271,1061,1131,1458,1203,790,240,272,205,652,339,906,1454,850,404,1546,334,524,303,955,4,570,811,69,1023,1511,854,1066,566,884,1348,1095,778
1493,1200,248,498,922,3,1482,1104,695,689,775,438,615,115,1342,1279,269,1624,354,455,18,122,1201,1636,1116,399,1353,687,1044,1079,1478,1320,1566,1352,145
216,366,1567,1241,937,638,125,1016,257,653,342,208,515,861,128,68,1346,870,624,855,914,448,1226,542,492,1551,1305,71,280,1559,613,220,391,647
796,359,1065,1436,962,804,230,1468,149,140,552,1135,716,523,960,1275,641,1419,997,637,1367,1314,776,1020,820,237,1639,1623,190,1615,913,1270,91
1416,333,1553,1358,832,1343,791,961,157,525,1480,475,555,141,428,1195,447,1334,1581,1019,1168,295,65,885,353,502,1520,574,387,661,1051,1113
1070,232,1400,281,1212,181,902,32,1587,1526,591,1100,1123,935,1411,1543,909,143,1062,931,975,414,1485,397,1579,753,114,1054,1506,276,330
761,1605,788,1539,123,527,1538,29,352,254,823,721,540,246,1460,773,238,52,261,229,1535,535,105,924,632,20,1413,1338,247,495
1225,1655,1583,553,1578,1517,1347,768,731,31,534,395,817,1404,226,769,822,156,418,501,484,291,294,762,1022,436,882,1611,1092
1395,217,950,533,1418,48,1542,954,468,86,880,50,988,1259,1405,666,538,801,1569,489,1421,1106,709,383,560,179,772,883
1204,844,319,559,710,346,795,367,693,131,1011,191,1489,856,1101,956,677,1059,252,1328,619,431,1005,1363,293,1042,929
129,973,1417,54,371,1308,165,862,1089,316,835,1350,1449,273,585,948,1074,1185,543,1376,384,857,26,1038,55,146
1228,1313,1333,572,1055,1440,708,1399,174,1012,241,93,526,581,1043,598,558,442,874,1300,499,1236,683,437,1244
815,575,167,1260,173,11,239,1310,1223,869,650,94,1084,1145,236,1191,335,196,344,364,780,1162,202,971

25
1728,1559,216,1691,1597,285,1729,331,408,1604,1714,1001,1289,1315,666,1127,434,217,933,1161,1527,901,576,624,1642
835,159,1244,1184,717,909,1050,817,767,1076,1672,913,76,785,1680,209,1247,4,587,1302,1266,1303,522,1496,1250,1694
860,219,1279,1701,870,445,1653,1363,661,82,1560,1704,1306,1720,627,545,446,565,1314,1088,757,1553,1637,758,202,495,1193
1388,350,1515,867,1569,1333,1595,1789,21,322,1721,1231,1768,177,723,524,1117,1698,1214,910,981,878,2,1484,1056,1375,1218,233
1338,827,1554,1411,422,1652,1079,1339,824,1681,225,427,220,732,75,579,1666,262,580,1725,1164,1263,802,1533,215,1507,401,1545,1259
1125,1305,1689,1383,1526,1551,972,1119,673,1160,504,1785,1797,738,1541,595,916,1601,1567,869,172,1459,336,477,296,1450,1159,566,1636,962
79,1102,127,1146,747,1368,684,341,711,1362,1570,1137,766,329,1341,1708,929,1042,552,707,1176,431,1668,590,416,370,161,1674,178,1139,1018
143,1462,1485,1336,505,1103,1627,702,834,718,647,466,614,1475,1468,965,1077,1487,809,703,1770,260,1514,418,242,705,1257,890,952,289,725,1649
534,1061,1207,1009,967,1713,404,333,1229,1434,1235,1438,241,1726,1583,320,1523,1449,1157,1148,1769,439,1284,1772,1692,596,1765,1738,715,437,1227,1291,1456
63,335,1409,657,794,1293,895,1795,1422,1455,1312,769,1024,218,443,107,774,1290,1779,558,240,442,1648,1731,1470,166,95,471,934,236,1264,119,1482,805
792,722,163,1667,712,922,1233,1343,759,261,880,991,1453,1394,1320,1427,229,1240,1352,1671,224,1555,130,956,226,1657,1173,302,1280,1421,475,26,1581,1486,597
691,73,1045,557,1331,112,186,9,832,740,1251,1461,194,1382,839,947,521,1747,74,1497,1226,1110,820,937,1116,1562,430,188,1693,5,1588,1634,1203,1052,1538,211
1167,1196,1361,1419,1129,690,1046,476,1727,875,1444,118,420,784,811,1502,822,1311,923,1697,313,106,1558,843,887,1013,140,1711,1546,193,640,772,1771,686,195,998,1225
1106,1423,512,1703,1153,1276,864,1644,1750,1540,1372,357,306,1707,760,1705,1351,1629,500,1777,1794,1679,48,1543,761,93,918,1451,825,1695,942,169,924,853,1334,239,156,1517
7,1049,1744,151,516,1055,1070,1552,1699,656,507,1143,1017,919,730,611,66,1454,1621,208,803,688,768,337,451,675,1716,1384,721,319,692,1104,782,421,448,1479,851,1262,950
1399,1548,1398,463,1370,771,1313,1022,1295,1108,1197,1365,1780,1790,726,793,1033,1787,999,1571,791,829,17,91,542,247,1493,739,664,110,139,221,50,1187,866,1397,560,741,1357,604
198,1631,502,1730,398,1584,207,1180,1080,301,342,1547,153,1133,1175,1065,316,763,183,1114,355,0,1402,1059,762,1124,1328,487,678,326,373,1600,1798,1745,1020,681,324,441,278,663,120
618,1308,133,996,619,568,1568,1078,1210,997,498,876,987,1663,1121,1034,1301,1626,190,1501,902,460,525,978,612,348,1579,116,1156,94,423,64,672,798,455,47,1739,1793,371,1712,286,1420
1749,362,742,375,951,1169,948,1191,1534,1040,1673,1058,748,1784,378,1200,146,1506,654,179,1472,1,419,1439,33,111,1788,1258,886,872,698,361,1011,701,250,879,36,1609,356,90,449,868,189
847,257,1577,252,789,1734,1371,479,1296,1029,1221,1598,397,1783,1318,1565,1376,744,1582,610,1466,20,1199,804,1126,646,228,1349,237,464,551,1433,838,1181,1428,1385,1594,753,927,617,1111,407,1403,1535
1054,764,1587,1144,1437,1443,288,323,1678,1107,123,1162,881,307,677,318,1690,1378,808,293,928,1606,1529,779,173,1576,1700,1735,582,492,497,1593,1504,1142,155,649,1446,1623,733,1511,526,295,428,227,392
641,665,1016,724,1269,1617,354,754,393,1757,272,1105,1182,380,232,995,1287,1669,1057,1023,1478,1781,117,10,1753,243,1265,184,749,511,1066,899,1465,1165,751,1359,960,1377,235,1400,1404,1095,1521,1396,1662,147
734,372,1178,376,1441,1219,1614,433,787,470,605,828,1684,939,43,1643,615,921,1706,346,1723,628,1519,778,399,305,840,137,1413,1358,1537,230,746,1635,976,1006,861,1019,271,1539,979,298,975,633,1268,81,932
114,1155,954,435,850,1198,699,164,745,1243,643,196,1688,165,1764,1686,848,1457,559,964,84,1043,444,572,1163,1327,974,1702,1031,353,1425,616,1492,136,1512,138,537,1442,340,1292,1064,626,144,364,1564,1756,1616,1345
1237,1140,1101,1195,158,25,1710,1401,162,37,1002,842,1145,465,1786,655,530,458,562,1113,317,1381,1510,531,424,877,1098,1654,639,1761,461,1742,727,625,457,374,135,12,480,485,134,1053,575,1271,1602,1256,1646,1028,303
1299,1321,388,546,599,1531,1665,957,554,1326,1463,100,600,11,946,300,1174,52,1132,1246,291,1201,571,1661,1392,210,1364,98,1190,645,667,529,1128,622,1038,273,1234,915,1717,35,1435,1223,510,931,1186,23,55,1060
1791,19,1213,1228,1645,800,1767,365,1350,801,1603,790,103,841,1138,674,884,447,966,540,1260,549,150,1149,550,795,1640,334,1580,1774,1641,885,1549,969,1408,607,46,400,547,535,1590,583,1618,1751,709,563,132
1275,1628,1625,6,1758,1532,567,40,330,1436,1578,731,1099,259,852,1458,1412,815,45,816,573,1524,1473,837,984,168,1027,246,1005,385,598,1415,436,281,1337,1687,893,1572,1253,1086,394,99,1599,668,452,1480
1620,387,328,896,1004,42,1624,1277,287,1495,1252,973,1386,1460,538,858,379,1309,429,660,78,1573,1348,87,1509,124,1632,62,1168,1329,519,167,1407,1395,930,405,231,488,1242,108,1491,1622,1245,941,406
1356,1557,175,704,898,680,270,450,368,1516,77,917,634,1135,1520,1323,1300,977,1041,693,121,315,1613,569,1682,1212,69,653,381,1406,192,1335,1092,486,1075,482,1619,1087,819,1074,1152,1025,310,86
862,1340,28,292,1630,174,499,1208,203,1183,959,1012,1166,1659,765,51,636,883,992,53,532,944,1494,564,496,1035,276,1007,606,263,506,1344,1658,736,1147,1261,277,101,1416,126,484,659,1647
60,1072,456,830,1432,780,501,1390,694,1469,1481,982,467,955,1755,1249,968,332,844,1743,857,1094,1112,59,360,31,1342,125,1278,1592,468,290,1773,985,652,1418,1120,695,395,383,1032,536
294,1615,1109,44,478,1776,581,1236,1130,1733,1766,683,1447,874,818,1123,104,1467,1141,1188,67,713,520,845,1556,142,602,170,1650,650,743,1282,1209,1445,651,891,1656,109,1254,1230,16
1518,555,1304,642,18,1286,1719,859,980,304,325,312,1317,22,1325,411,80,1332,710,629,266,314,1696,1347,989,469,472,15,24,1319,185,1782,856,1366,1471,988,1048,589,1008,297
65,687,716,1760,1585,41,489,1775,938,1490,253,908,1607,97,152,1030,682,474,85,1015,613,949,1204,1610,1405,1215,1083,821,1274,912,249,1122,197,892,1170,1476,1379,1316,32
823,786,1073,592,1525,810,1414,920,1380,1763,623,311,863,425,1715,54,584,831,644,205,1685,1239,1367,254,1118,1477,384,1232,122,1754,935,1000,1655,1464,1746,523,1528,671
213,1489,1589,389,1675,1605,128,1220,783,1283,813,1179,89,515,1353,906,1498,556,943,855,1393,1430,234,204,200,34,814,1330,1158,244,30,561,632,462,1452,994,1205
113,631,27,490,396,756,1224,971,309,1574,29,154,1683,1298,1426,1091,160,620,483,990,1737,308,1194,1752,1273,578,1664,1639,1288,1014,1069,214,544,807,39,836
752,940,1638,1612,609,1067,679,889,377,1238,366,638,1732,417,1431,846,904,543,588,737,700,238,1003,1310,1241,1709,1530,1542,1081,1660,245,961,1248,70,983
1192,1499,1505,1216,358,359,1792,1355,1171,882,1670,1021,58,1561,553,1563,413,1544,351,149,806,970,1522,171,181,415,1307,256,1759,105,888,1089,339,454
1596,1206,1047,528,1724,697,1037,145,1131,182,1778,826,102,201,390,264,344,284,685,513,410,191,391,1082,1202,267,473,426,382,282,1062,148,608
1150,925,963,945,1796,1586,1389,187,1085,1387,222,412,1051,176,630,180,386,714,894,481,585,1084,1255,1097,689,1267,1474,833,1036,637,409,1324
1294,527,327,706,1096,1189,414,440,1651,402,907,1010,1093,958,1488,1500,345,1611,13,248,1550,1026,777,993,1039,1068,1071,1440,796,494,708
900,670,1503,750,797,49,265,548,570,1799,1513,1800,729,1448,71,343,1374,788,3,514,508,1281,1090,936,206,14,635,594,658,1536
258,926,1322,621,459,275,57,509,56,1063,773,1736,68,854,274,1718,321,574,72,8,268,491,338,255,1177,1185,1354,865,432
349,603,696,352,438,849,131,593,1222,1151,1270,905,96,279,669,38,1044,269,88,1154,1369,251,299,92,533,812,1677,347
1136,914,115,770,369,873,781,897,720,776,1272,453,367,775,1134,1373,799,517,129,1633,676,1424,1740,83,1360,1285,1748
1115,986,719,1566,1741,212,1608,541,911,61,493,755,403,591,1391,503,223,1591,871,1217,728,1483,601,953,735,1297
1417,586,280,1722,903,1410,283,1346,363,1429,1211,1100,577,1676,199,157,518,141,648,539,1172,662,1762,1575,1508

26
1614,1819,820,539,250,1137,1350,379,1447,1673,1755,1107,1936,1508,331,1602,165,1049,1839,639,625,1216,766,1575,184,1319
745,1641,295,1426,1399,836,1145,285,1761,1124,884,1615,1727,852,1561,1298,1742,649,655,1759,934,498,819,1616,1696,558,290
1642,1709,783,1331,1634,447,141,722,1009,1300,640,1197,325,1202,645,1906,26,99,1581,483,44,726,1017,1669,390,80,1031,1802
778,1543,1787,1225,1214,155,910,270,538,1677,987,1929,1053,1811,1827,83,134,1027,1059,248,1919,886,799,1423,920,871,1792,1845,1831
1394,610,303,786,1589,275,1695,337,788,1301,1279,297,241,1217,669,1296,90,809,1415,913,1333,140,1528,1321,1204,1738,1106,552,1731,354
1746,1815,1525,507,1437,305,1513,246,1564,1729,1418,759,1623,1414,493,569,1000,408,1592,124,6,1605,1071,1636,720,183,1150,603,1127,789,1330
1619,463,1847,1907,1235,1598,823,593,1536,1084,707,1914,1250,666,712,54,1504,1687,424,1335,695,1643,58,1095,1826,1373,1219,1576,1846,632,584,32
949,565,1707,903,1074,386,201,1041,1785,1368,844,710,1093,423,1422,1430,79,1092,537,583,1518,1439,55,1671,718,1617,798,1334,357,1544,557,1496,1860
780,1194,1622,842,974,472,635,369,17,1103,737,620,1630,1882,689,1062,861,1175,494,1667,927,1391,1356,543,221,1158,1139,573,200,1388,748,1830,568,296
18,1327,930,1757,1832,251,709,482,672,211,508,1863,1355,1836,847,950,513,1010,491,426,770,1419,66,381,497,1400,109,1743,1950,1480,101,1005,785,88,553
866,389,548,1805,1517,1744,1016,383,1456,1348,362,805,612,970,269,1291,1549,38,317,1675,1019,1767,1234,1646,564,418,703,232,1046,1523,1132,33,100,670,1454,95
168,1246,585,1849,942,53,1751,787,1507,1940,1288,1822,1829,615,1304,957,985,838,1719,850,1825,1877,517,697,1679,462,1520,1026,1417,601,622,882,224,78,961,502,679
1284,1295,658,681,1603,1435,1076,993,1721,406,1917,878,892,1051,242,176,61,926,1712,1535,839,298,1267,514,477,975,212,1590,1006,208,826,1229,1644,1627,56,207,1270,1360
701,279,1179,1834,1820,1424,1226,27,746,843,1577,989,1136,1833,1803,1697,1096,1054,1412,1057,946,1237,1087,1257,965,1212,68,313,1315,579,376,1682,1366,1701,628,399,1599,119,1762
1138,1160,765,454,1180,1310,1600,1848,1104,772,1472,1339,1484,931,736,1510,59,1345,779,1069,1428,801,1550,1379,812,997,818,444,1075,393,1730,1853,1637,1384,1392,1244,1367,1248,1874,1509
943,1629,50,1748,1459,527,660,1611,1061,572,630,1413,1923,471,1320,367,613,1818,1189,1238,1460,911,1434,1935,1013,797,1921,1559,511,853,688,1361,43,413,1359,1405,611,1066,167,750,1724
893,654,642,455,595,1580,171,1444,1123,229,1109,1275,1201,948,1052,1451,567,1188,62,887,1875,1039,629,181,1638,1903,74,1157,661,885,916,704,1251,365,1763,1910,671,1134,1236,790,991,1692
1781,1702,831,1934,1340,458,1425,412,1859,1610,877,29,411,1277,1410,106,240,1891,11,1693,136,1797,509,162,352,1466,1501,1221,924,845,813,1568,1101,1457,879,1843,52,1570,1146,64,1560,49,1404
535,623,1233,276,663,1774,857,598,1913,259,163,1886,833,132,1624,1292,1840,1799,1463,1593,686,693,1857,1574,1780,225,1732,1939,901,302,1187,1407,1631,333,1783,735,1471,460,1181,698,1449,321,915,1249
1737,1720,1942,1489,387,1108,1657,832,1135,1240,1896,10,646,1698,349,1532,1613,338,1898,1004,5,1098,773,1821,1155,1191,715,1635,1823,1285,1114,1176,1044,1314,1383,1571,1440,951,1916,1715,1170,637,1185,1289,1902
196,263,1752,794,1810,594,378,1876,1710,1258,1586,422,952,1664,529,966,416,1569,888,430,1674,1343,1386,1008,972,1211,1133,1649,1880,777,1364,1342,1468,1094,768,738,438,1841,1928,1705,908,1776,822,108,1242,1162
1949,580,1563,1944,986,1264,917,267,1937,409,252,36,377,1527,609,143,442,231,487,821,846,1329,1452,1582,848,1873,280,1885,1782,1626,1706,1750,20,1028,667,512,1429,1618,1371,1789,1865,1699,1268,561,1685,1072,1911
800,1287,1318,440,479,489,1879,856,685,1497,490,547,1210,516,437,304,510,306,265,203,1266,264,889,1363,540,1156,115,530,1112,1558,1881,1498,1661,1565,1317,680,1546,1476,1427,954,451,574,1768,1506,1890,1195,1349,233
1047,636,774,292,1672,112,1562,1037,311,339,1870,1243,906,1302,1745,1208,1171,618,763,293,402,63,1772,835,1022,1494,147,1861,587,1448,220,694,1601,1632,1178,505,1670,1338,144,1357,793,1261,1866,744,1892,880,858,1445,96
31,1462,1540,1065,1038,907,397,12,1548,28,2,1493,945,1323,142,711,837,1555,1353,590,550,1530,1816,1365,1464,714,434,1573,1777,515,1374,1040,656,1606,1228,415,1588,322,123,791,1754,1522,921,854,1666,691,1734,616,1168,1854
1584,1534,91,1749,918,1312,1043,929,1131,188,578,825,255,24,431,1117,1482,257,1572,1126,1689,1771,563,363,131,299,534,982,421,145,1080,1758,351,356,1297,1308,1252,60,495,938,589,324,453,641,1151,988,795,1125,392,1922,1067
566,71,994,1858,571,1855,4,361,741,1286,486,396,1753,1453,1930,375,3,1947,1030,1483,1147,41,1241,1387,439,1111,1122,1798,1651,205,840,841,1920,1723,228,633,104,1479,619,1557,1529,98,174,1395,1116,346,1945,65,1227,94
1837,474,271,933,734,1828,1766,332,15,1001,724,756,828,713,922,570,151,1148,554,1064,30,1918,1325,869,1711,1487,1796,1491,277,1524,186,1566,1741,865,153,1167,120,597,405,504,1322,1199,1042,1678,999,312,1612,1556,1192
1607,1351,1795,307,22,436,1272,1396,940,873,767,291,1503,657,1206,1790,1541,1416,366,1653,501,256,859,468,804,334,13,314,682,1770,180,122,301,1931,771,1521,1294,193,1793,1119,1058,1014,1303,1149,1691,1063,202,320
971,1801,261,1807,417,1163,827,1551,1090,215,1390,1306,425,1461,1165,981,1354,1736,976,1800,1231,600,1908,0,1585,110,1205,1547,86,979,179,268,364,1655,1851,1002,1850,958,962,234,160,239,1856,125,1385,855,223
864,1537,1036,1398,721,1177,1946,1299,164,1894,103,733,1099,781,1888,1450,760,1142,146,1526,1465,496,121,699,1068,1594,1905,1779,725,1887,173,996,289,863,1578,1545,542,1380,1862,258,1470,1591,533,1411,1844,876
1519,1421,187,1082,1633,370,67,398,1620,576,1045,16,1081,75,1735,659,742,452,653,1663,817,870,944,528,1372,687,185,342,1369,1282,1927,1328,373,371,1326,368,526,344,1153,932,1842,1033,728,139,443
1716,729,465,105,1196,1223,266,1700,1278,872,1933,350,1708,919,273,328,47,751,1346,1628,102,647,446,1209,198,216,955,9,1728,1515,1389,592,1018,1639,382,851,37,1718,427,478,1370,690,1313,1056
1431,743,521,1733,414,218,749,1895,380,549,1159,128,14,1060,129,1012,1403,169,532,222,1,546,1864,157,1786,1778,626,599,1347,107,92,310,1048,662,133,1397,731,1899,1121,1654,1260,89,947
963,1838,990,445,1640,1486,524,960,1686,195,1552,784,1889,596,1020,1948,1516,1794,964,1533,1245,135,175,1579,72,1274,499,249,372,1088,631,862,912,717,1583,1352,485,1118,214,1943,1478,1079
1740,1490,1283,288,433,577,1883,1115,1120,1218,319,860,73,152,1694,968,57,113,904,520,1271,875,1140,360,327,466,358,1867,1200,19,1647,1814,1073,1717,644,1311,450,868,1290,347,1714
898,753,394,677,1409,1332,808,518,874,391,503,525,1900,716,807,890,236,243,1596,82,1897,897,581,1220,739,336,834,1813,1909,475,582,323,1377,470,1307,959,294,1161,1085,556
34,1791,1703,197,1382,1567,1184,177,272,1492,895,1174,1621,467,824,1808,1378,1203,432,1198,980,1788,1806,1725,85,1280,815,702,1473,137,1011,1726,21,830,1756,586,937,928,1690
1050,1406,1904,1265,428,1554,480,235,1648,283,541,237,696,977,476,449,189,881,1915,385,1495,355,939,692,1538,182,130,953,1183,1938,1254,1015,650,1256,941,1273,209,723
1152,1021,1511,25,814,1164,998,562,230,1344,116,1113,1609,150,1650,1475,575,1924,900,849,1144,316,87,1102,545,247,1502,621,747,429,905,1458,544,359,902,159,1420
178,448,627,1531,7,719,206,1393,638,1402,1713,732,8,555,643,1773,782,1660,1166,469,1884,1812,775,810,284,1358,335,238,1247,488,588,70,1784,909,410,1089
1154,1438,190,166,1659,1362,1443,1469,1193,1173,1668,606,401,1408,309,1032,1595,803,170,1688,624,1625,727,894,1293,138,896,281,1376,675,761,1604,81,1871,388
457,172,1341,227,757,1091,348,1034,1514,651,254,340,776,995,1477,1500,39,883,1130,676,1232,1722,126,891,278,1681,1926,1224,161,1665,69,1499,652,608
274,194,353,1213,967,1381,1739,384,1683,935,708,1172,1078,111,1652,648,614,300,1817,1324,914,1077,668,806,282,560,1025,1441,1597,97,506,473,253
374,769,984,395,925,1097,1083,1281,1309,114,245,816,456,1024,51,1704,1337,973,219,1110,764,1436,435,1375,1230,1925,1587,1190,1658,634,45,400
1182,591,754,260,35,684,762,758,604,244,1481,1676,326,936,459,1747,700,1775,1553,213,531,665,341,792,1804,1872,481,419,1512,1401,1262
1215,1432,40,1680,811,983,1760,158,492,1259,1869,1505,46,617,308,1141,1129,315,1105,420,329,286,523,1169,1868,730,77,683,1878,673
992,522,664,93,1539,1467,1035,1305,536,117,1455,1932,1086,1474,345,678,1769,226,1488,1656,1912,330,519,127,1055,1100,1336,1186,1893
740,802,867,829,674,1684,156,1764,192,48,500,559,978,1276,899,1765,343,217,461,76,1824,1143,752,318,1070,796,1255,154
1485,1542,1852,923,1222,199,149,404,551,607,956,118,42,1433,1029,1239,287,1835,484,1645,1662,605,1263,1253,1941,23,204
755,1608,403,1207,210,1269,84,706,1901,1003,191,1023,1442,705,1446,148,407,1007,1809,1128,441,1316,262,969,464,602

27
267,149,1433,1857,1425,1011,1794,971,1018,1030,558,1866,280,1956,1645,174,968,1489,155,9,285,383,1502,599,1154,714,1392
1554,1042,1845,248,1915,853,1974,1951,1864,1435,1741,1334,1581,400,966,1693,1734,452,1082,1953,227,1603,615,1799,948,1200,1402,86
1985,329,586,1354,1072,1989,1306,1588,347,1938,1790,1579,868,590,1513,1756,775,845,542,1812,1396,172,491,1672,84,973,1214,711,1633
403,857,1210,1555,1420,573,976,124,1936,2025,2084,1132,613,1761,1429,207,1324,1474,727,1618,1921,1282,2018,814,1999,167,1149,695,1152,430
676,1987,1349,866,1394,1511,1156,829,820,125,2014,540,882,317,1345,1986,1494,514,1464,917,1172,213,2094,2046,488,1320,1217,1083,497,1240,1090
458,1129,1559,83,1759,826,664,1229,28,112,1612,1175,2099,1641,943,1017,1887,1284,2049,1873,1186,1824,1346,233,1968,1592,1454,897,1482,1958,1373,1381
687,14,1587,941,828,1486,834,1647,506,1243,1153,1526,115,1753,486,1516,904,2035,123,1643,1830,974,1613,1878,749,1642,1917,730,1477,1299,1842,1518,1100
1536,1123,1430,1577,1395,1459,510,764,1236,1002,934,1560,96,813,358,1463,759,1519,1740,673,209,170,1586,1847,1876,427,1541,1862,579,1828,991,1195,1546,163
357,1891,712,54,464,1995,1052,1498,1545,916,1729,1466,690,1714,768,1890,1231,2059,1077,1605,1032,875,1086,309,887,1343,1637,476,838,1766,1558,35,2073,57,321
355,388,2069,620,1979,1080,1369,2089,1277,720,738,1085,2079,2067,1940,821,1254,1033,874,1700,463,1058,356,578,1304,102,1685,232,1762,2105,1361,1089,655,2037,49,2083
641,431,1549,1127,1224,515,986,99,626,1523,1028,2074,1462,399,2045,230,1760,195,805,1631,2040,819,1552,1732,1510,526,1203,1889,1922,1667,1319,1110,1342,1447,1572,1704,1628
1627,1805,1493,64,798,1903,2081,627,1168,1233,1417,1191,1124,133,1006,460,2061,166,93,1314,946,2041,619,1364,584,1885,1803,1521,1809,2038,72,1095,23,219,1724,345,178,1031
1636,191,754,587,663,1537,1835,1293,716,933,455,521,1348,1068,737,1047,288,284,1035,1119,1691,113,777,1280,1658,1441,1436,59,1415,1039,305,1432,2104,1817,425,709,1746,1971,648
568,1868,373,1998,1325,549,239,903,2034,745,122,17,275,920,956,1421,1097,1610,101,1912,1001,259,1880,1207,1087,2015,1792,1344,1505,1564,767,509,1607,1016,240,1528,1562,292,970,454
604,675,1404,1300,656,423,341,359,1386,429,839,2068,103,1893,2062,235,1945,519,1649,733,495,1534,2000,55,1286,104,2012,1452,1652,58,1881,256,625,66,884,1074,211,597,1706,1538,306
1065,1199,657,1407,1327,2088,173,552,1902,611,1703,1840,1531,1113,1813,1676,462,1491,416,1004,935,1611,969,2030,996,787,395,643,1258,295,779,2032,817,1265,561,843,1076,1791,1288,1907,1933,393
262,1894,437,1750,215,1223,717,644,165,883,822,185,1500,1506,1311,279,760,1620,685,689,700,1468,47,1585,1908,1993,77,647,799,913,1877,88,65,263,1211,1949,53,1307,37,1670,1169,1626,1535
595,504,1440,546,1278,876,729,1335,1777,457,622,192,860,1338,194,250,265,1188,389,634,699,243,659,1530,2019,1829,1318,791,1336,512,1239,1305,2023,1387,1428,1359,1865,44,1059,1408,1301,1514,892,69
975,1161,252,1134,1205,1755,126,1389,1069,231,524,1969,46,1976,1742,1819,1159,236,1105,418,930,1269,1340,1384,234,1370,911,1140,10,1731,1874,1173,964,789,1117,2098,691,1695,790,1765,1347,494,1023,1298,1401
1529,557,226,2057,1855,1754,1886,600,199,206,34,298,2065,286,922,1563,1547,1725,2060,681,1763,1723,410,442,1276,743,2087,1629,1680,481,919,803,2003,304,1379,325,1977,111,1251,1702,954,1580,1049,385,947,1565
902,1323,1602,618,1375,1711,1138,628,120,1743,881,824,1312,1996,1238,735,1646,1,1697,1681,1165,1192,1686,1752,156,1944,1730,1726,436,825,1595,650,1008,621,1570,658,2103,1232,229,906,686,1615,553,1838,1141,109,1215
327,1056,523,859,1640,770,1900,1814,755,438,1694,1721,323,2093,1827,539,1026,1219,885,222,1445,413,990,74,277,380,809,1380,1941,1321,406,1193,2101,1481,1209,1722,731,1872,214,1449,1997,1778,417,246,1617,1520,895,2047
1022,1126,1362,352,193,51,762,422,1575,926,129,2001,1496,1490,763,1844,804,2102,76,511,2078,1687,241,679,1442,175,2010,1249,1093,1720,2071,181,528,3,1984,247,909,1785,800,1166,1412,1015,1764,1624,548,2053,972,1619,180
945,1660,1804,698,349,639,1786,316,847,556,92,1261,740,766,827,999,1943,783,635,1066,1515,1403,1898,89,1715,1024,424,75,591,1478,1155,319,29,2052,713,958,924,291,26,1503,758,1029,1831,694,1268,1253,1241,210,1184,1302
840,448,801,402,1332,82,665,1614,1309,1716,2054,794,1852,2092,963,1839,1769,467,1289,157,1689,601,692,1994,312,1245,1137,354,335,1950,1390,1981,818,1088,1952,984,1128,1051,1115,1684,1788,564,1717,1145,208,823,1947,1012,1063,1036,91
281,140,1543,190,143,1043,2106,502,652,992,1548,1475,693,1053,1609,2024,1107,1422,1264,1177,870,245,443,1737,585,1727,197,899,1131,994,508,2080,1606,1962,1975,33,1696,21,1456,1883,1504,571,1427,776,1062,1797,748,366,1576,739,923,151
661,1157,1668,864,328,851,908,890,1738,1472,261,1899,369,1598,816,85,1888,606,1924,570,81,1638,566,1632,929,608,1061,38,1551,631,1244,2013,1674,594,1248,164,320,1905,1151,1054,856,1683,1973,1146,852,1084,1235,118,184,297,1291,806,1118
1465,1901,900,20,31,1550,1122,333,872,0,1019,672,1960,638,1821,1810,637,276,447,1783,1183,187,513,435,453,5,707,2027,1665,114,1322,1811,22,1424,1378,1793,1919,1275,2086,1075,131,1964,997,1439,642,893,1310,797,1501,646,1252,1897
773,216,1182,1226,837,1654,1875,1158,1060,218,1650,1181,1133,1197,721,15,1699,569,1196,772,244,593,428,1492,2063,1970,440,2058,1736,1690,73,1260,382,478,1825,258,1739,1946,177,957,1591,1768,1517,136,1733,914,563,1467,1522,360,2026
1397,1701,734,282,1635,886,339,898,2005,264,575,414,1009,878,1398,342,662,1860,1589,1287,1991,1818,473,660,1255,680,889,1507,1957,499,1295,1596,654,128,30,1856,2008,2070,278,1718,1590,371,449,2077,145,426,1366,841,1480,350
153,1070,907,577,201,411,850,1929,645,1041,1782,1458,1281,810,296,1978,1385,736,1216,108,551,310,1692,1227,993,1330,1800,1533,550,1356,307,489,249,1858,1292,2004,697,983,1242,1712,1352,322,1557,981,574,1622,441,484,415
79,649,1262,315,961,12,1057,1230,200,1772,862,705,1807,871,792,588,344,1221,340,1451,302,1959,614,1571,1116,1834,142,1483,701,1114,159,182,372,1333,42,2096,1365,32,544,13,409,752,465,1208,1931,469,1187,1832
1980,242,607,1748,294,1198,978,555,1542,1789,1524,938,1055,303,338,401,1247,1367,666,1109,1806,1923,1895,470,1228,498,1781,1954,1749,1870,405,541,918,1634,1914,888,1081,1497,1050,1315,2036,782,950,1273,365,1882,2033
1326,152,203,1604,1171,684,334,1413,951,117,1317,18,1525,2021,1431,1406,2043,56,912,346,1316,1593,445,937,439,80,1218,520,1666,1623,1569,1573,753,1965,2009,1798,2042,68,97,1040,378,722,877,583,1174,2051
1630,1776,928,725,1948,348,848,532,865,2048,1274,1988,1815,667,407,391,953,269,41,1822,1913,1446,493,530,332,2076,384,1826,1843,1601,107,1098,450,518,1453,1393,980,761,1484,967,2075,289,788,1499,492
1416,1904,386,1774,781,795,2095,2,432,1846,501,582,747,2100,376,1371,1849,678,318,1871,671,189,1025,1189,1037,217,1802,836,1176,196,1104,1360,728,1078,2006,1256,1092,955,750,959,1937,1106,471,545
1279,1744,377,1918,1185,1561,228,1926,202,718,995,1582,1910,1682,224,1021,220,1163,849,536,559,525,420,2017,1448,863,25,1544,1013,379,1409,479,1495,444,757,503,1374,623,858,1773,1353,1566,603
1568,434,1578,1916,560,419,894,362,1328,1837,1351,921,1476,397,361,1237,1707,1437,669,905,831,944,283,1770,313,19,1372,1584,1423,832,1438,2022,1708,1285,1527,1713,1125,134,765,842,1892,1263
844,198,1599,1400,326,2090,1850,1705,1339,61,398,176,1419,1250,1710,1357,1272,596,1673,505,1091,1220,290,404,314,1597,1102,910,2029,1836,609,1594,446,1434,1553,1020,146,786,363,127,466
1796,119,1927,331,1204,565,1411,580,589,1728,1485,869,343,330,1678,1608,1932,715,554,299,2020,60,688,538,982,516,1038,2064,1972,1863,2011,2007,979,835,7,1663,960,1294,710,2066
268,1930,1139,1854,1358,1443,1222,238,1368,1709,1992,1142,612,71,1967,336,324,778,36,581,527,1162,204,1841,2028,942,8,490,677,459,636,1414,977,987,830,254,896,1179,1213
807,94,408,1246,1003,811,1303,572,421,482,985,162,2091,1206,1935,1911,724,171,769,301,287,1096,1410,517,1341,1909,132,1920,1048,260,1869,147,472,485,1120,1966,793,223
337,78,1212,1540,1130,1225,2050,1771,300,547,270,1271,1257,1103,1556,1178,1111,674,1461,616,381,931,1848,537,1046,98,1853,272,387,311,1007,370,1600,433,1296,605,952
507,867,1457,1331,703,1621,998,412,179,1487,186,771,1758,67,1625,1820,774,682,375,1934,1297,1675,451,487,148,11,1148,1450,925,1616,1735,456,1005,62,169,1644
2082,1698,723,87,2055,702,480,732,1574,1808,135,1418,1180,939,160,873,1170,364,2044,1388,468,1045,1757,1376,891,475,496,1823,100,879,1136,1101,1661,780,1329
1270,1190,1405,1164,653,1099,139,927,846,1469,90,1539,1266,1267,1780,670,1201,1071,253,1955,293,624,1656,212,1337,1512,746,1014,271,1787,1377,602,52,1651
63,1064,477,632,1391,567,1664,949,1034,1135,183,708,1383,1079,1784,1655,1509,2072,1160,1779,1679,95,1194,751,1906,121,726,1532,1108,24,368,1112,1639
1094,116,2097,2002,988,1167,1308,1073,367,880,531,640,562,1234,1801,629,273,1010,1470,855,168,785,110,965,598,130,257,696,1488,1144,962,1567
854,40,1067,1508,158,1982,137,529,784,1767,225,1283,1657,1027,1143,1202,1355,533,27,461,1583,719,535,1044,221,1990,1861,756,374,543,534
741,1363,1925,704,808,396,1653,940,1747,1290,802,633,630,161,1851,2016,1000,1859,1259,1455,706,2039,474,1444,932,266,1669,483,522,39
1121,138,1350,617,592,742,237,1671,901,392,150,683,861,1473,1816,255,141,651,144,796,394,989,390,16,1688,1479,1150,1879,105
351,1460,308,188,45,668,1939,353,1928,610,43,812,1775,576,1983,70,106,1382,2085,1961,4,1313,1659,1963,1719,2056,1942,1662
833,936,6,48,1426,1751,1745,1147,154,500,251,205,1399,2031,50,1884,1867,1833,1896,1471,274,1677,744,1648,915,1795,815
