19
209,873,671,830,517,339,524,645,66,496,771,3,378,147,979,234,693,1001,220
451,864,193,397,376,584,852,908,649,581,211,576,291,938,436,359,585,885,244,663
754,271,854,988,837,12,504,630,428,357,288,921,989,950,974,181,866,325,613,424,455
937,668,570,180,560,315,409,689,731,284,822,513,718,311,99,909,640,502,992,709,687,781
882,491,832,582,990,28,326,354,642,22,55,497,175,494,235,342,712,490,528,322,727,957,185
404,736,438,197,114,462,777,954,970,240,14,919,347,1005,361,833,47,606,980,116,511,486,143,538
126,515,815,453,529,41,522,170,132,760,794,408,487,673,9,433,768,247,660,583,230,275,677,388,276
475,254,858,393,982,446,144,588,505,395,635,353,692,82,540,1013,552,1,296,897,401,564,212,440,493,899
10,40,976,329,221,386,1018,443,999,387,419,441,935,44,878,1015,981,691,49,330,575,931,927,372,444,971,672
171,792,484,222,940,152,701,756,797,345,595,683,834,32,350,410,1016,994,155,425,1023,405,734,922,738,149,92,301
696,599,226,57,416,203,156,52,930,602,657,600,557,769,674,399,91,766,323,846,918,306,1025,608,381,652,321,534,871
965,681,704,699,449,161,355,985,929,904,1020,809,574,542,60,730,641,958,946,609,924,215,159,509,70,142,740,178,316,826
698,452,759,295,314,458,604,257,407,1007,377,35,807,166,333,812,413,432,136,535,1006,977,934,825,776,249,213,437,198,719,644
960,680,686,605,596,21,651,901,56,874,566,130,856,109,140,616,300,594,102,133,545,282,569,217,685,141,676,765,867,772,578,480
968,194,888,73,707,33,963,883,184,844,281,39,745,294,8,973,23,303,86,790,936,302,744,84,956,546,849,1019,859,200,633,978,77
137,153,375,933,661,945,947,468,360,108,966,857,648,1017,814,568,773,473,855,743,45,1021,163,414,328,784,839,536,573,995,903,880,369,629
961,307,722,117,713,627,747,703,737,390,362,782,942,382,164,471,148,948,905,619,827,810,925,614,179,793,96,626,344,917,69,752,967,75,317
204,914,461,469,593,309,5,262,603,61,146,891,239,65,987,186,520,539,636,1002,128,763,365,1011,762,969,953,955,715,160,467,24,216,836,460,550
448,791,85,158,169,711,840,865,944,43,1008,101,506,31,286,379,838,427,615,1024,79,366,481,554,165,805,1026,949,324,38,655,370,895,105,231,364,910
986,50,653,384,868,173,287,238,741,813,811,492,684,127,210,749,0,272,119,753,991,206,851,972,466,15,229,351,682,646,134,195,732,764,746,621
196,804,253,801,537,214,421,761,525,29,187,129,920,610,675,751,98,716,71,547,842,499,430,337,590,278,470,269,702,478,115,829,650,48,530
997,586,714,879,665,748,118,157,787,587,318,1004,959,577,255,875,824,774,218,770,476,54,500,548,521,848,806,308,389,710,202,418,915,6
227,107,617,482,400,483,700,561,853,385,802,622,508,472,678,563,396,913,139,334,788,706,789,725,735,618,246,310,2,820,236,331,63
821,993,896,893,456,881,863,551,519,964,666,392,100,110,94,869,76,341,876,850,112,607,998,758,932,580,463,975,556,662,138,786
591,277,818,489,553,46,799,90,638,58,352,177,19,697,733,434,205,477,1003,283,167,796,892,42,612,887,51,417,17,435,426
447,183,984,755,243,637,941,290,383,690,669,336,558,620,261,16,739,928,952,245,289,598,74,189,188,800,823,803,724,817
717,808,320,251,343,1000,219,872,258,592,632,26,518,154,512,293,780,647,367,299,121,562,659,720,589,983,208,25,280
53,628,785,894,263,890,962,111,319,123,572,798,549,398,527,526,900,356,20,125,391,233,729,120,939,664,241,358
199,694,380,555,601,498,1014,89,533,474,450,162,135,145,292,305,348,298,237,429,81,543,88,532,124,59,667
611,624,845,274,485,256,422,150,843,313,631,264,841,757,131,877,285,267,847,728,835,459,516,750,911,783
95,523,106,643,767,565,174,78,431,439,151,923,541,113,423,723,420,884,705,104,1012,228,34,192,779
273,654,488,708,4,373,250,860,176,898,1009,819,597,742,454,340,279,402,828,363,495,503,36,268
201,514,623,544,87,625,242,371,688,403,191,224,721,80,775,346,172,479,501,223,332,510,7
368,260,907,886,338,93,270,889,912,415,465,97,168,83,634,559,571,122,72,464,658,67
916,412,259,411,394,951,252,37,926,232,1022,312,327,64,68,445,695,1010,442,656,639
870,18,30,507,861,304,457,13,906,902,62,265,11,862,349,726,816,795,297,248
190,567,778,27,374,182,225,266,943,831,335,670,406,996,207,103,531,679,579
